75915 3414 8319 1007 8244 746
20364 3584 8946 1062 10432 910
67776 3489 8598 1031 3148 329
11401 3291 7847 966 9229 821
3735 3792 9766 1132 11634 998
245098 11457 72394 4423 60128 4735
183183 235168 7474774 2203545 2800524 1871599
6028489 20413 5324528 351147 855684 316003
1114303 134803 3898866 615118 2573910 1674087
678064 74589 1824435 143910 448359 100528
321386 6709 25988 2211 14734 1221
2589420 181562 5558427 1247131 3528734 2517763
204849 211446 6623573 1753429 2329169 1463870
1203567 200369 6227931 1557387 3068103 2107071
1451672 217871 6855140 1871888 3566118 2551727
964508 213625 6702348 1793346 2978537 2027951
426819 144145 4227311 723533 1779689 1005449
2811384 257596 8284988 2663507 4568169 3463537
339610 206803 6457366 1670034 2590533 1688626
1847997 173508 5270102 1122968 2594652 1691891
2189552 202370 6300924 1592561 2956859 2008525
1685642 186956 5749240 1332832 2905678 1963603
788820 117473 3291646 438737 1241354 586065
3195165 262475 8461734 2767531 4932406 3799185
107446 73210 1778031 137590 152736 15897
792242 72379 1751143 133930 386847 76660
917888 73621 1792530 139497 49851 3858
6029131 5420 5599986 338350 215509 27380
246712 19005 195903 9346 13999 1169
1774243 193820 5994526 1446035 2819909 1888266
172115 115555 3224252 421180 1527752 804374
1122075 86202 2215286 204420 968766 393243
1396906 100421 2701539 297741 1113380 493261
1068012 104741 2850074 330391 1617768 875256
381152 7320 30556 2463 14146 1179
2346806 210121 6578769 1730274 3443475 2441308
159686 140931 4113730 685114 2065616 1241219
981038 123824 3513621 499555 1770773 998123
1183769 141626 4139216 693499 2184164 1340639
953540 151255 4479101 812378 2755652 1832214
329812 45519 892818 46888 300647 48603
2012972 221603 6989787 1942071 3601376 2583322
136832 49834 1024630 56972 11268 972
5996332 3542 619908 6075 3712 338
5996914 2888 617220 5776 10107 886
5997604 2980 631503 5963 10542 918
306862 10125 56791 3741 12664 1072
6009111 3976 965683 10591 22100 1745
2544 7535 32015 2552 8754 785
3255 3579 8922 1061 3447 356
3313 3343 8034 983 9762 860
3247 3225 7609 944 10010 879
3883 3873 10098 1159 12733 1078
4401 5753 19580 1835 17896 1446
3562 74873 1833261 145190 422138 90027
6957 165135 4970390 1000134 2177110 1334881
3915 192922 5960572 1430488 2390901 1516661
4724 152415 4519311 827181 1931109 1129492
4097 99556 2670315 291289 720883 237482
6967 332884 10997299 4385597 4305855 3223607
4943 105022 2858760 332475 991535 408757
5480 205357 6405360 1644321 2712597 1794787
4090 233607 7418565 2172722 3384810 2389265
3823 196378 6084100 1488677 2846225 1911679
4179 144997 4257038 733824 1871451 1080399
38085 355493 11814561 4946667 5122364 3975908
85276 5930 20700 1903 8825 790
15780 4373 12284 1331 11716 1004
73766 18730 190329 9131 25497 1989
7879 3844 9978 1149 10563 920
4010 3902 10217 1169 12010 1025
226384 118528 3327911 448455 2011687 1196234
3999 109627 3018155 369734 983173 403092
4665 213730 6705269 1795006 3186435 2212275
10564 238738 7602933 2274474 3391160 2394949
3663 209609 6557629 1720194 2958328 2010280
4141 147291 4338065 762085 1857428 1068904
22584 358253 11914358 5016286 5282997 4124967
3586 116885 3270440 433238 1218186 569128
4126 214408 6729584 1807442 3337484 2346936
6227 237344 7552829 2246663 3587348 2571089
3347 210935 6605121 1744127 3133368 2165129
4182 150338 4445808 800471 2098583 1268838
55468 334355 11050491 4421595 5360520 4197005
235935 100640 2707793 299212 721388 237753
1668697 199681 6203906 1545674 2833687 1900376
3497988 214351 6733564 1808268 2885218 1944875
2219377 197115 6113030 1501943 2714557 1796037
712266 131905 3796606 583278 1437499 734159
5607797 317904 10510662 4047558 4703717 3580617
206609 80352 2016806 172179 174698 19528
1610346 181060 5538784 1238793 2128247 1293449
3201535 187599 5775488 1344147 2385572 1511244
2042250 178078 5433180 1192586 1995904 1182747
595362 114595 3191240 412640 990073 407699
5516801 279160 9102893 3147196 3848211 2799420
308047 88542 2293860 218213 532912 138034
2306176 182431 5588810 1260678 2220588 1371130
3682462 191812 5927851 1413916 2606693 1701511
2844501 181161 5544741 1240984 2559392 1661023
1005246 118449 3325926 447825 1235271 581549
5650496 284711 9319889 3278341 4198627 3115740
2844 4244 11691 1286 8475 764
3456 3657 9227 1087 10997 951
3335 3430 8358 1012 9681 854
3286 3364 8110 990 10515 916
3874 3885 10148 1163 13032 1099
12290 5248 16683 1645 14736 1221
101124 4496 12890 1375 9646 852
87438 4563 13202 1398 12613 1069
260666 3474 8605 1027 11087 958
144998 3480 8589 1028 10392 907
21778 3862 10059 1156 13666 1145
890964 17727 172032 8382 29585 2284
651801 4023 10979 1213 8927 798
1250286 3591 9476 1071 11396 980
1669807 3524 9445 1051 10032 880
1586908 3392 8881 1007 11058 956
424760 3981 10706 1198 12525 1062
2555073 11269 73285 4348 38373 2942
403776 3639 9293 1082 9126 813
693052 3946 10668 1187 12349 1049
999618 6176 22803 2003 14575 1210
979645 3493 8959 1036 10730 932
201953 3950 10487 1186 13024 1098
6027956 12361 4592234 226786 510296 127408
119422 54113 1158238 68328 172601 19164
227523 53126 1127293 65587 27462 2131
306777 120037 3380636 462679 1839188 1053934
298631 54059 1156722 68183 245538 34120
27347 4695 13820 1445 12142 1035
564795 183043 5608352 1269778 3362703 2369398
647273 80124 2009601 171031 441462 97712
1172487 170289 5154680 1074932 2287954 1428595
1693998 226568 7167488 2036451 3056723 2096887
1531034 190545 5877183 1391457 2496354 1607003
336378 140579 4101456 680999 1354485 670755
2800117 302604 9907412 3664388 5104075 3958296
484755 77843 1932916 159475 160700 17161
1021292 173972 5285571 1129689 2359690 1489792
1347173 223889 7070896 1985093 3100490 2135736
1257660 192339 5940916 1421094 2566230 1667417
241683 138417 4025197 655858 917095 359043
2340068 297305 9715188 3541236 5071024 3927848
426538 105638 2880416 337365 847205 314015
987589 209132 6541407 1711877 2505376 1614897
1198783 261280 8414959 2740625 3613309 2594276
1171494 231661 7349699 2134915 3249771 2268465
209607 183935 5639861 1283876 2157392 1318232
2116639 313684 10306037 3924186 5292890 4133745
868605 4005 11003 1208 8544 769
1932683 3414 9186 1017 10492 914
2155867 3311 8946 985 9597 848
2152257 3287 8851 977 10139 888
623538 3883 10371 1165 12080 1030
3207949 11323 75839 4391 44013 3382
2384 6860 26889 2271 10227 895
3441 4874 14704 1509 11336 976
3640 60043 1347021 86448 646841 195973
3301 4658 13630 1432 9983 877
3966 3833 9933 1146 12552 1065
4260 121077 3416680 472581 1213192 565470
2311 88903 2305852 220378 848049 314589
3672 78475 1953644 162591 711818 232252
3334 131119 3768379 574716 2071188 1245898
3480 102486 2771223 312958 1129897 505215
4108 11672 74902 4536 33683 2589
4671 207469 6480980 1681836 3382896 2387550
5194 171609 5200543 1094163 2076422 1250280
5623 201689 6274046 1579962 2097012 1267527
5537 229207 7260550 2086817 3132786 2164615
4593 226574 7166007 2036009 2971510 2021907
4753 131745 3790358 581447 1542428 815907
20682 308069 10101027 3790630 4488457 3390979
2611 180720 5525034 1233050 2442659 1561061
3596 216241 6795309 1841219 3043969 2085913
3756 242960 7754708 2359434 3483472 2477705
3297 236154 7510068 2223021 3393520 2397063
4182 143266 4195960 712869 2068813 1243913
8242 313491 10296792 3918619 4653201 3542446
38103 174724 5311462 1140817 2130811 1295889
332118 200551 6233608 1560298 2405939 1529501
282190 230145 7294426 2105086 2474680 1588568
327002 218435 6874219 1882029 2790917 1863165
29115 124201 3525921 503171 1395726 702185
376282 310811 10200294 3855326 4422517 3330425
2439 138548 4029626 657335 1495901 779516
3456 166380 5014607 1017904 1909714 1111852
3486 173127 5254554 1116776 2164590 1324325
3337 173234 5258370 1118381 1728617 964180
3868 78752 1962911 163979 479587 113814
3945 234781 7460750 2195861 3257908 2275911
120527 175726 5347206 1156023 2407143 1530561
225012 164392 4944143 989624 2472118 1586363
297178 171661 5202617 1094987 2677580 1764233
291126 170732 5169571 1081249 2663139 1751668
27792 92348 2423275 241972 812349 292271
618470 204017 6357866 1620828 4014920 2958033
42259 150428 4449028 801627 1745344 977681
296951 176809 5385892 1172567 2236122 1384739
125038 181364 5548096 1243176 2017924 1201445
212938 182154 5576353 1255640 2391710 1517323
44860 89671 2332036 225088 752399 255945
285006 242255 7729558 2345237 3679441 2654066
55632 127131 3628535 532836 1075678 466833
259020 152797 4533023 832177 1676084 921913
215852 148461 4379600 776747 1383838 693086
255381 153705 4565163 844022 1309854 637109
79140 45150 881400 46078 134832 13232
490386 201445 6265715 1575837 2658813 1747878
3486 5483 17995 1733 9817 865
3836 3756 9620 1120 3761 384
3641 3311 7918 973 10487 914
3485 3331 7992 979 9456 838
4314 3986 10567 1197 12639 1071
6965 8603 41197 3020 30456 2349
3029 18014 176462 8586 15662 1288
4218 4154 11292 1255 12848 1086
4728 3408 8273 1004 3111 326
3568 3473 8516 1026 10886 943
4130 3923 10304 1176 12748 1079
38891 13406 98679 5515 30594 2360
5110 5704 19287 1816 12641 1071
47242 4342 12151 1320 13341 1121
45738 3797 9799 1134 10770 935
32279 3589 8969 1064 11188 965
31386 4221 11600 1278 13844 1157
661645 9774 53301 3572 48543 3748
2722 9756 52579 3559 23052 1813
27897 11928 78224 4675 26132 2034
10586 73435 1785426 138599 750259 254679
15294 5955 20818 1912 13449 1129
4142 4166 11347 1259 14832 1228
50513 117058 3276518 434831 1241356 586162
4513 131631 3786359 580219 1407136 710921
5507 185946 5711473 1316062 2773116 1847635
4251 194872 6030257 1463199 3100906 2136332
4007 194529 6018016 1457431 2796838 1868393
4225 100952 2718365 301496 952769 382666
15957 220183 6936675 1914653 3745403 2713685
2955 3943 10388 1183 10737 932
4305 3856 10026 1153 12168 1037
3735 3559 8847 1054 11099 959
3541 3490 8583 1031 11463 986
4047 3829 9917 1145 12714 1076
5565 6564 24799 2151 21536 1705
2264 144374 4235066 726251 1604804 865131
3295 201778 6277231 1581512 2925804 1981625
3631 199284 6188031 1538357 2588253 1686698
3221 208483 6517270 1699955 2835567 1902330
3997 163910 4926857 982780 1755665 986035
4064 251523 8062684 2535019 3383852 2388410
2427 136511 3957898 634086 1422876 723001
3516 201767 6276835 1581319 2864175 1927436
3508 185403 5692084 1307323 2371079 1499694
3274 201037 6250716 1568635 2737559 1816567
4184 146470 4309086 751917 1304253 632941
4511 251888 8075835 2542609 3107563 2142240
8829 171122 5183218 1086953 2573998 1674348
7347 169225 5115746 1059078 2188323 1344345
5868 173605 5271598 1123954 2869301 1931934
5457 171485 5196146 1092332 2240811 1388754
4318 89688 2332586 225191 860271 322339
122422 225506 7127745 2015556 4124359 3057786
2218 3561 8851 1055 8193 743
3525 3750 9594 1118 10496 915
3379 3500 8619 1035 3323 345
3261 3426 8341 1010 10136 888
3822 3952 10426 1186 12633 1070
4300 6307 23070 2049 19190 1538
2375 3898 10202 1168 8812 789
3751 10933 65803 4147 27220 2113
3771 6714 25845 2212 14732 1221
3516 6014 21179 1935 15634 1285
3879 4059 10879 1222 12893 1089
9567 104909 2854865 331592 501980 123753
24731 90771 2369502 231936 604245 173413
29410 99916 2682713 293901 1429070 727758
20471 118143 3314322 444847 1356104 672020
25216 101492 2736970 305501 1281479 615915
4273 8584 41016 3011 20197 1610
115774 193527 5982261 1440621 2506760 1616231
3556 3891 10171 1165 10602 922
4022 3717 9463 1107 11455 985
3576 3415 8299 1006 10951 948
3481 3432 8363 1012 11324 975
4185 3989 10582 1199 13320 1120
5652 4918 14933 1525 17667 1430
7198 3026 6922 881 8585 772
32016 3422 8336 1009 10707 930
5949 3385 8191 997 3349 348
15992 3296 7867 968 10059 882
3980 3826 9902 1143 12864 1087
5101 4708 13876 1450 8408 759
2518 3447 8421 1017 8726 783
3632 3507 8648 1037 10772 935
3540 3389 8206 998 10019 880
3576 3315 7934 974 9751 860
4099 3717 9464 1107 12139 1035
8249 5100 15884 1591 14704 1219
3992 3451 8436 1018 8484 765
4432 3913 10263 1173 11356 978
10566 3723 9490 1109 9599 848
3742 3896 10191 1167 9668 853
4120 4061 10891 1223 11967 1022
33305 5400 17540 1702 14143 1179
12145 3594 8984 1066 7656 701
28641 3519 8699 1041 10604 923
69182 3317 7961 975 9537 844
20950 3397 8239 1001 9855 867
4363 3767 9664 1124 11880 1016
293484 5030 15637 1567 14601 1211
18232 3849 10002 1151 8330 753
75175 3862 10076 1156 11574 994
185877 3391 8269 999 10205 893
52303 3434 8388 1013 3817 389
4563 3832 9930 1146 12347 1050
791891 8044 36783 2776 7176 663
217714 168644 5095245 1050643 2531395 1637477
127915 177940 5426047 1189900 2830785 1898116
114669 184399 5656332 1291256 2448793 1566318
122626 174825 5315111 1142355 2874232 1936249
13820 92366 2423910 242093 963407 389779
865594 237825 7570835 2256492 3970155 2917289
3311 4932 15004 1530 8446 762
4350 8774 42787 3097 10550 919
4386 6957 27592 2311 10368 905
4399 8334 38754 2899 3156 330
4095 3885 10148 1163 11401 981
8447 79445 1986178 167496 311331 51741
2903 155167 4616748 863234 2474913 1588800
4081 153116 4544095 836281 2261773 1406536
3777 156256 4655340 877715 2300540 1439495
3910 159898 4784477 926997 2390261 1516110
4130 99674 2674372 292143 1018311 427031
5341 240108 7652167 2301918 4303316 3221274
2642 3725 9494 1109 9660 853
4338 3741 9559 1115 11770 1008
4088 3422 8325 1009 11019 953
4074 3346 8048 984 10338 903
4212 3922 10298 1176 13004 1097
31962 6910 27267 2292 21014 1668
6394 3563 8862 1055 8527 768
53392 4467 12736 1364 11504 988
53804 3373 8160 993 10555 919
38874 3478 8548 1027 10464 912
9338 3870 10087 1158 12939 1092
524923 4913 15138 1525 7301 673
2374 3811 9843 1138 8048 731
3419 3801 9803 1135 3756 384
3339 3876 10108 1160 10059 882
3297 3421 8324 1009 10544 918
4032 4052 10850 1220 12330 1048
8959 6082 21615 1961 19000 1525
2644 3504 8636 1036 7621 699
3484 3523 8707 1042 10055 882
3498 3395 8228 1000 9807 864
3420 3345 8041 984 10066 883
3707 3847 9988 1150 11918 1019
9938 5820 19988 1860 18373 1480
4240 7257 29840 2435 10939 947
7092 11413 71645 4398 14844 1229
22793 21376 244678 11309 32902 2531
6073 6542 24655 2143 11253 970
4244 3870 10083 1158 13413 1127
341051 89542 2327902 224315 654306 200005
56831 14404 113805 6120 27646 2144
908329 49678 1020667 56611 279989 42838
1359391 84965 2173724 197351 791120 279110
909573 30236 458665 20788 79197 6532
113150 4135 11248 1249 4564 453
6029965 38301 8058791 1041177 2133742 1015173
237142 4319 12119 1313 8685 780
5958776 3818 301233 3264 12285 1045
5915997 4036 188046 2491 10877 942
5973034 3107 364866 3527 11088 958
1392525 4441 13278 1362 12947 1093
6004118 3934 798295 8309 17650 1428
127688 3879 10165 1162 10783 936
1846242 4044 11755 1228 13544 1135
2102660 3580 9970 1073 11228 968
2092175 3900 11310 1181 11360 978
746561 3928 10616 1181 13227 1113
3574266 7398 35993 2535 17774 1437
635940 149048 4400723 784210 1979223 1169210
517180 142565 4171645 704544 2064334 1240095
554634 144411 4236846 726791 2142172 1305364
623012 140780 4108793 683404 2050335 1228382
122932 35511 600570 28237 18862 1515
1575250 203449 6338592 1611165 3558780 2545095
9020 15458 130806 6794 50161 3883
22380 32430 515887 23696 296360 47385
5341 16404 147019 7431 66106 5275
15035 19505 205665 9741 116554 10776
19017 3994 10610 1201 12897 1089
19971 118375 3322402 447004 1773819 1000739
6318 8135 37008 2811 11731 1005
20717 8613 41290 3024 21634 1712
5089 5591 18620 1773 12901 1090
13742 5335 17166 1678 13409 1126
16953 3889 10167 1165 4189 421
18994 67299 1582832 112682 582961 162531
683876 3890 10428 1168 12030 1026
819927 4175 11726 1266 12734 1077
359204 3302 8002 971 10609 923
537756 3437 8564 1016 10654 926
86580 3823 9920 1143 12943 1093
1252572 13357 99267 5496 38284 2932
6434 3995 10609 1201 8384 757
7010 3787 9746 1130 10337 903
22212 3460 8475 1021 10225 895
6564 3377 8159 994 10181 891
4324 3795 9779 1133 13146 1107
165134 9869 53905 3615 39096 2999
4716 3481 8550 1028 11415 982
7100 3906 10236 1171 13092 1103
38679 4292 11920 1303 14866 1231
6105 3595 8984 1066 11467 986
4440 3913 10264 1173 15340 1264
238483 37772 664575 31912 123705 11705
6420 47714 959273 51847 50090 3878
27593 144619 4243737 729232 1543421 816685
196602 203580 6341867 1613048 2446585 1564411
23283 159062 4754824 915567 2030874 1212242
4641 67915 1603020 115123 208032 25842
913836 315676 10376431 3970843 4610590 3503093
2664 111780 3092869 387962 558440 150344
5968 244368 7805340 2388010 3006551 2052839
44622 265804 8576862 2837154 3215746 2238351
4899 268513 8674382 2895667 2948743 2001837
3645 201727 6275423 1580632 2243489 1391028
117580 360298 11988384 5068058 4863159 3736049
3289 145682 4281236 742209 1532027 807749
4358 252484 8097265 2554994 3519305 2509889
4064 269815 8721295 2923944 3757415 2724552
3757 270935 8761665 2948345 3730340 2700077
4312 213265 6688624 1786512 2875070 1937006
38308 360178 11983973 5064982 5251893 4096078
4361 7320 30323 2461 13403 1126
6135 7840 34506 2683 19867 1586
6668 3605 9022 1069 11779 1009
4482 4677 13722 1438 11376 979
4302 4659 13635 1432 14725 1221
110640 15131 125499 6581 54642 4259
3787 4225 11606 1280 9512 842
6571 4820 14435 1490 12936 1092
8520 3547 8799 1050 10638 925
4325 3785 9737 1130 10205 893
4050 3942 10383 1183 13631 1142
108587 13890 105936 5804 41884 3216
2516 155698 4635540 870272 2236032 1384702
3486 148671 4386863 779357 2400804 1525140
3373 155645 4633668 869569 2467718 1582607
3198 150059 4435920 796910 2388286 1514417
4021 50907 1057760 59685 377331 73287
5581 219480 6911456 1901476 4017218 2960215
3931 170264 5152698 1074305 2271033 1414402
9139 128418 3673630 546163 2050200 1228360
11370 120557 3398526 467596 1305637 633974
5625 126372 3601916 525059 1757955 987886
4168 38355 681036 32903 218103 27941
116040 263431 8491435 2786197 3004266 2050808
105728 3577 8947 1060 7414 683
315022 3481 8652 1030 9602 848
445907 3341 8173 984 9175 817
256850 3329 8066 980 9123 813
26594 3698 9395 1100 11556 992
1928534 7857 36339 2703 31103 2395
271430 5138 16204 1606 8168 740
814482 3568 9179 1061 3220 335
1138249 5213 17092 1638 9477 839
865382 3348 8360 988 10150 889
133458 3857 10077 1154 11684 1001
2866836 33903 561232 25892 78844 6491
1410340 15356 130773 6741 12242 1042
2655211 9722 55553 3568 23285 1830
3680589 77602 1932347 158791 887282 339183
2731810 5854 22564 1895 20947 1662
1731697 3714 10256 1115 12642 1071
6030083 33003 8145161 1034218 2584923 1042117
2140877 8727 44494 3093 11121 960
2825832 64778 1505017 103266 386807 76625
6029325 27246 6564360 606380 1976235 729649
3138350 57325 1265812 78017 67202 5342
1955311 6757 27689 2242 12719 1076
5495902 173290 5305747 1130273 2577306 1671333
3603 4914 14907 1523 11056 956
4521 4436 12568 1353 12972 1095
8739 24931 325129 14682 171160 18916
3999 3649 9193 1084 3742 382
4220 3954 10434 1187 12925 1091
51893 59453 1328096 84516 396726 80328
62630 4156 11323 1256 9095 811
18233 3925 10317 1177 12086 1031
389096 6483 24459 2121 12518 1062
19950 3646 9189 1083 3704 379
5827 3901 10213 1169 12083 1031
1723517 24057 307029 13830 66391 5299
408356 4579 13414 1405 11509 989
84646 4066 10940 1225 13103 1104
796807 3737 9845 1117 11995 1024
118043 6085 21690 1963 13131 1106
14817 7225 29605 2422 18078 1459
2680981 53676 1148746 67255 232155 31005
659287 4167 11613 1262 10686 928
185164 4770 14254 1472 12479 1059
838365 5711 19777 1823 11398 980
281864 6523 24670 2136 3859 393
25730 7320 30335 2461 16638 1357
2601639 80676 2031392 174137 487516 117175
2586 7284 30049 2446 11520 990
3629 24490 314725 14234 146077 14875
3552 43417 829336 42432 126157 12035
3423 15128 125353 6579 35280 2709
3843 6883 27055 2280 3913 397
6280 137183 3981578 641714 1006300 418812
2817 178592 5449202 1199948 1489915 774859
3401 35491 599891 28203 244567 33894
3457 79786 1997623 169243 1138234 511175
3179 10785 64044 4070 21100 1674
3955 4060 10883 1223 13180 1110
5759 106238 2900807 342088 1343953 662821
3028 81342 2049940 177363 804375 287355
4093 107584 2947355 352910 1580075 845555
4080 164613 4951848 992726 1995294 1182643
3806 116883 3270372 433220 1626542 882393
3948 88936 2306972 220578 655398 200629
9743 242212 7727816 2344303 3520875 2511298
2577 192974 5962410 1431348 2580164 1679691
3710 206757 6455468 1669143 2419289 1540998
3584 291698 9510230 3411606 3582095 2566366
3523 263511 8494243 2787885 3367650 2373914
3867 298404 9752186 3565482 3057286 2097705
5625 352055 11690223 4860260 4712501 3597071
3832 214349 6727454 1806352 2755521 1832256
4340 203599 6342423 1613349 3107791 2142438
3484 273909 8868826 3013416 3598594 2581220
3552 263542 8495363 2788551 3408624 2410591
4131 286426 9320097 3292061 2980736 2030052
6673 337871 11177522 4507889 4853048 3726723
65760 6930 27432 2300 142788 14382
3834 4649 13586 1428 153137 15958
3791 25341 334881 15106 1050276 449097
3381 5366 17331 1689 209656 26171
3982 4057 10874 1222 151213 15659
63182 85261 2182336 198924 1474149 762589
100456 24464 314217 14209 10212 894
3920 5790 19803 1849 14637 1214
4121 77806 1931232 159262 911440 355358
3648 5962 20855 1915 13970 1167
3986 4344 12146 1321 13631 1142
150764 131293 3774602 576600 2276599 1419107
76087 128231 3667099 544216 1446171 740936
3800 63581 1461426 98662 408605 84797
3549 135275 3914426 620203 2049417 1227708
3366 89518 2326802 224144 706126 228991
3949 10595 61834 3974 18627 1498
107977 182993 5606165 1268877 3858083 2815676
5627 158804 4745657 912050 2192762 1348093
4506 112151 3105735 391150 1106976 488906
31050 158705 4742162 910706 2427169 1547752
4064 139843 4075264 672347 1531513 807345
4433 45773 900162 47436 90858 7752
201738 197564 6126638 1508902 4188042 3115878
4656 4616 13424 1417 8702 781
3873 3662 9247 1088 10197 893
40591 3300 7891 969 10178 891
3424 3389 8203 998 9261 823
3993 3901 10212 1169 12142 1035
39532 7615 32681 2586 20518 1633
2741 121375 3427107 475457 599520 170979
4655 4083 10985 1231 11728 1005
4095 117202 3281484 436145 2561613 1663624
3552 3615 9060 1073 10710 930
3803 4322 12044 1313 14013 1170
96793 220660 6953855 1923637 3624396 2604447
2519 150791 4461830 806257 905534 351509
3245 9052 45447 3225 19619 1569
18686 142127 4155782 699247 2571072 1671811
3045 8419 39515 2937 15631 1285
3734 5752 19569 1834 13703 1147
80654 250498 8025875 2513802 3985263 2931146
2769 142446 4167005 703040 818612 296158
4486 140301 4091399 677696 1102475 485720
12299 182550 5590322 1261857 2696750 1780970
4533 139183 4051998 664673 461305 105977
4085 28040 401204 18089 23144 1820
62758 270719 8753933 2943657 4256845 3178765
2527 5156 16182 1612 94868 8192
3605 4057 10874 1222 114238 10483
3470 4179 11405 1264 146085 14875
3116 3397 8234 1001 104474 9293
3992 3885 10146 1163 12963 1094
4134 11784 76332 4596 188789 22077
2591 4643 13556 1426 11600 996
3529 4040 10799 1216 11834 1013
3417 4664 13657 1434 10555 919
3460 3533 8744 1045 9690 855
4180 3964 10476 1190 12933 1092
4536 38944 697986 33929 62141 4915
2605 120050 3380831 462766 783960 274888
3386 123433 3499024 495546 1149783 519465
3534 148805 4391601 781044 1406625 710531
3237 149006 4398679 783567 1374425 685942
3988 44436 859851 44551 48161 3720
3998 214360 6727875 1806567 2554717 1657669
2451 3524 8710 1042 80526 6668
3790 3439 8392 1015 109608 9910
3469 4428 12533 1350 173325 19289
3417 3344 8039 983 113285 10364
4065 3910 10252 1172 16215 1327
4424 17047 158495 7881 201301 24486
2402 3391 8210 999 8855 793
3552 3547 8800 1050 10874 942
3639 3477 8532 1027 10222 894
3366 3382 8179 996 10462 912
3806 3853 10014 1152 12645 1071
4402 14471 114803 6161 60104 4733
3074 3406 8266 1004 9019 805
4235 3588 8958 1064 11240 969
3314 3545 8793 1050 10021 880
3483 3360 8097 989 11232 969
4138 3961 10462 1189 4010 406
13141 21927 256620 11797 83515 6974
3119 4267 11795 1294 10871 942
4020 4152 11286 1255 11438 984
3528 54982 1185551 70802 72215 5850
3834 3608 9036 1070 9326 828
4158 3960 10459 1189 12354 1050
12670 108766 2988316 362589 1378178 688794
15736 4808 14377 1485 8546 769
3769 3691 9360 1098 10044 881
54476 3499 8634 1035 9877 869
3248 3273 7780 960 3405 353
4270 3857 10030 1154 4027 407
223061 10072 56142 3714 18410 1483
2956 5148 16138 1609 9921 872
5521 5171 16265 1617 13043 1100
3786 85884 2203365 202489 960973 388149
4306 4319 12031 1312 10660 927
3873 4017 10700 1208 13588 1139
11525 139078 4048293 663454 2037258 1217563
7722 4080 10971 1230 8864 793
54825 3810 9857 1138 10402 908
16266 3401 8254 1002 9415 835
35367 3349 8068 985 10032 880
4905 4330 12080 1316 13471 1131
103317 5778 19775 1845 17993 1453
17928 4821 14443 1490 9316 827
139649 4174 11433 1263 12238 1042
52358 3450 8447 1018 9898 870
96651 3468 8530 1025 10892 944
6885 4346 12154 1322 14026 1171
271727 6058 21597 1953 20093 1602
3600 4046 10826 1218 9060 808
4176 4013 10683 1207 11097 959
3912 3383 8181 996 10339 903
3769 3480 8546 1028 10236 896
4118 4189 11447 1267 14186 1182
5132 6021 21223 1937 18236 1470
4073 4172 11374 1261 4130 416
4935 3957 10447 1188 12466 1058
3959 3358 8091 988 10318 902
3764 3303 7889 970 3917 398
4173 4138 11225 1250 13551 1136
7158 4963 15165 1541 18104 1461
8080 5001 15361 1555 9102 811
5535 3783 9729 1129 10960 949
8625 3349 8057 985 10204 893
3955 3378 8163 994 10366 905
4242 4214 11558 1276 13308 1119
21987 4981 15262 1548 16792 1368
1558610 3294 8495 975 8955 800
277473 3542 8871 1050 11510 989
492432 3400 8411 1004 10793 936
215153 3306 7969 972 10325 902
29563 3876 10118 1160 4165 419
1413548 11758 77463 4594 34428 2639
2529 3227 7618 945 9260 823
3618 3555 8831 1053 11138 962
3391 3243 7673 950 10104 886
3366 3302 7885 969 9802 863
3939 3848 9994 1151 4121 415
7210 10880 65166 4119 42952 3301
2426 3915 10269 1173 8848 792
3703 3726 9501 1110 11145 962
3492 3461 8472 1022 9728 858
3336 3392 8215 999 9709 857
4148 3856 10027 1154 12878 1088
4005 15398 129812 6755 26553 2065
115878 17873 173898 8482 3943 400
3678 31789 498648 22815 58669 4608
3870 8891 43893 3151 12151 1036
3370 16732 152826 7659 19265 1544
3922 4032 10766 1213 13638 1143
27673 113033 3136430 398813 1030917 435702
37216 5083 15804 1585 9653 852
6793 3730 9515 1111 11231 969
62257 3593 8994 1066 3731 381
6867 3540 8772 1048 11060 956
4211 3894 10183 1166 13137 1107
254690 9712 52305 3539 18172 1466
5135 59177 1319203 83621 33776 2597
4674 77341 1915655 156973 733209 244648
3790 64241 1482891 101060 240290 32891
3878 61574 1396385 91601 423725 90648
4314 4950 15097 1536 13160 1108
8421 170970 5177810 1084707 2784464 1857559
4061 5468 17910 1727 11922 1019
4219 3803 9808 1135 4100 414
3756 3298 7871 968 11138 962
3418 3453 8443 1019 11346 977
4283 4193 11465 1269 15277 1260
6715 8214 37701 2846 25205 1968
5975 5413 17597 1706 11573 994
9929 4653 13608 1430 12231 1041
34421 3496 8613 1033 3657 375
8775 3661 9245 1088 11223 968
4433 4045 10821 1218 13240 1114
83547 10778 64028 4067 27523 2135
4558 3814 9856 1139 8850 792
10115 3786 9742 1130 12111 1033
8487 3406 8270 1004 10469 913
7169 3610 9043 1071 9900 871
12606 3954 10437 1187 12953 1093
45452 5977 20970 1921 20308 1618
5818 223113 7041780 1969936 2937745 1992142
82686 69779 1664450 122734 625033 184290
72416 92498 2428438 242945 1024412 431214
64738 59318 1323770 84079 364118 68669
53595 5593 18656 1774 12168 1037
312947 232111 7365068 2143452 2111170 1279360
2599 4449 12632 1358 8812 789
3540 3761 9640 1122 10473 913
3243 3450 8430 1018 9961 875
3270 3429 8351 1011 10179 891
3890 3941 10380 1182 3736 382
6067 6753 26123 2227 20750 1649
2664 35823 609198 28725 5321 517
3589 3816 9862 1140 10770 935
3397 3998 10622 1202 10850 941
3241 3405 8264 1003 9604 849
3732 3902 10215 1169 12640 1071
5904 8167 37288 2825 23063 1814
52898 234503 7450801 2190389 3078758 2116703
3844 4409 12443 1344 12956 1094
3610 18457 184945 8921 5243 510
3711 3804 9815 1136 10883 943
5287 3909 10246 1171 12224 1041
21366 88120 2279262 215649 1070256 463034
35743 4589 13307 1407 9432 836
4023 3657 9227 1087 11175 964
3600 3434 8372 1013 3579 368
3391 3431 8361 1012 10628 924
4715 3807 9828 1137 13081 1103
16842 5756 19599 1836 19107 1532
33464 3734 9542 1113 3330 346
3793 3669 9273 1091 11662 1000
3495 3346 8045 984 10467 913
3318 3338 8017 981 10280 899
4209 3823 9893 1143 12557 1065
9469 5512 18164 1744 16805 1369
21067 78684 1960666 163641 165190 17909
35524 9750 52537 3556 22962 1807
83546 4462 12720 1362 10590 922
31405 4010 10682 1206 10969 949
3937 4484 12796 1370 14432 1200
276167 70609 1692027 126236 210252 26292
10009 3643 9175 1082 8924 798
9072 3821 9885 1142 10677 928
127076 5405 17607 1704 12844 1085
6026 3358 8090 988 9982 877
5148 3806 9823 1137 11848 1013
362221 9010 45294 3208 24303 1902
653214 4418 12758 1350 9381 832
24993 3940 10381 1182 11640 998
82989 3670 9305 1091 9854 867
16695 3357 8092 988 3509 362
5131 4082 10980 1230 12884 1089
451757 7853 34898 2690 12793 1081
1653201 6778 27508 2248 12570 1065
2120569 31856 503646 22957 288446 45146
1972489 14083 111329 5941 5095 495
2207746 13994 110449 5891 67465 5399
461683 4017 10875 1210 4260 427
3026273 67671 1600293 114432 537886 140327
2455 6739 26022 2222 4320 433
3452 4407 12434 1343 10710 930
3513 3553 8821 1052 10001 878
3413 3533 8744 1045 9512 842
3832 3913 10265 1173 12610 1069
10774 9572 50661 3470 41154 3159
9116 6263 22782 2032 12276 1045
3745 4276 11837 1297 11476 987
11479 3476 8533 1027 11386 980
3290 3404 8261 1003 10257 897
3840 3895 10187 1167 12858 1087
351635 8670 42051 3052 28640 2216
533031 54966 1185587 70776 32981 2537
70334 3878 10142 1161 11464 986
493799 3439 8555 1016 11142 962
155048 3397 8283 1001 11023 953
18449 4088 11013 1233 12824 1084
2547254 13533 104266 5619 104178 9255
69563 36418 625986 29674 23142 1820
18629 3766 9667 1123 10978 950
140441 3313 7969 974 9954 875
14899 3341 8032 982 10172 891
7790 4060 10886 1223 12508 1061
540953 12467 85863 4977 98238 8568
636722 31716 497419 22728 62499 4946
419565 3652 9351 1087 10792 936
903663 3255 8034 958 10186 891
844192 3204 7826 941 10490 914
826073 3884 10468 1167 12419 1054
2418800 9456 52250 3437 59283 4658
913188 3961 10833 1193 10207 893
961930 3697 9757 1104 11112 960
1829772 26406 363230 16276 8722 780
1459108 3264 8327 964 3596 368
1174007 3868 10569 1163 13523 1134
6027266 11078 4056686 167397 456622 103964
6029057 10909 5675014 370355 1040368 188252
2381284 7283 32263 2464 15033 1242
3473658 69445 1660407 121733 71215 5708
2636425 4708 15747 1468 10288 899
1978605 4261 12851 1304 12530 1063
5307586 125384 3601348 520256 878468 333557
4026 291240 9493698 3401163 3279702 2295351
4494 52514 1107899 63917 335159 59079
4179 89608 2329842 224694 658487 202318
3684 31280 485093 22131 63379 5027
4174 6730 25960 2218 15136 1250
10108 259008 8332107 2691980 3898834 2852656
1200519 165440 4982325 1004722 2394696 1519712
2245028 202237 6296289 1590282 2231800 1380647
3022920 211269 6621467 1751514 3030760 2073454
2948672 216315 6802130 1843893 2890197 1949561
1808687 109363 3011052 367783 1068751 461759
5106769 270929 8784724 2957235 3945303 2891002
2543 4440 12589 1355 10466 912
3578 4467 12716 1364 12866 1087
3664 3451 8433 1018 11079 957
3309 3421 8324 1009 9795 863
4085 3989 10581 1199 12866 1087
4165 10811 64353 4084 36735 2819
2378 25971 350031 15772 47293 3649
3378 3538 8764 1047 12012 1025
3518 4345 12150 1321 14035 1171
3434 3194 7499 934 3569 367
4066 3830 9919 1145 13152 1108
4141 92221 2418951 241157 812535 292388
2613 149351 4410879 787926 1075773 466907
3634 26941 373753 16833 157536 16656
3472 85257 2182144 198896 760875 260992
3546 56010 1218135 73813 353028 64912
4059 5433 17713 1714 13016 1098
4573 184381 5655604 1290946 2945301 1998796
19387 168120 5076475 1043001 1641018 893924
8803 12486 85648 4984 29923 2310
71595 65681 1529908 106430 811941 292012
6932 7202 29422 2412 12659 1072
4618 4557 13140 1396 13592 1139
223562 116943 3272667 433800 2069599 1244538
1270257 228156 7223940 2066849 2345862 1477934
825090 112866 3131371 397453 1292458 624001
1420884 131858 3795780 582908 1915395 1116293
1084177 146525 4312019 752785 2124088 1290069
175912 117840 3303886 442055 2218505 1369831
3140065 184700 5671818 1297316 3395594 2398059
1944626 221857 6998807 1946839 2208321 1360855
2562479 115324 3219615 419560 1294097 624870
3294951 130479 3751517 568786 1397494 702662
2886137 149023 4403516 784625 2090611 1261473
689778 117582 3295350 439730 2163708 1323473
5775559 181703 5658390 1273966 3125201 2152826
2225469 239219 7622724 2284961 2030954 1211857
2790879 160093 4795279 930518 2055908 1232486
3533326 172258 5229981 1105336 2405219 1527864
3236023 188741 5816365 1362797 2621493 1714631
925456 150527 4453336 803053 2483944 1596431
5617792 225513 7185882 2034688 3425006 2418839
2130143 242875 7754004 2358539 2595326 1692401
2610036 176448 5376227 1167843 2653077 1742359
3350373 194682 6028968 1461532 2919877 1975440
2960375 198872 6177519 1532478 3043548 2084784
743985 157458 4698594 893974 2649096 1739383
5628059 244851 7881679 2418779 4367901 3270552
2270716 5348 18836 1698 10848 940
2596234 4097 12683 1253 3256 336
2810385 3424 10002 1029 9584 847
2670168 3479 10070 1045 9545 844
1110603 3913 10727 1178 12205 1039
4246562 6805 34347 2314 15996 1311
2538 292892 9553311 3438863 3301063 2314413
3623 55594 1204943 72585 167673 18324
3702 92204 2418342 241043 381588 74809
3193 33554 546364 25291 32637 2511
4027 6717 25868 2213 14407 1198
4308 260138 8372762 2715928 3667105 2642976
3322 4886 14764 1513 9814 864
5822 4168 11358 1260 10946 948
4971 3550 8810 1051 9896 870
3578 3792 9766 1132 10942 947
4100 3942 10385 1183 4017 406
16831 7862 34693 2692 16543 1350
42833 5276 16851 1656 10737 932
22989 4020 10722 1209 12480 1059
31123 3530 8741 1044 10085 884
6407 3424 8334 1009 10496 915
4086 4048 10833 1219 12552 1065
103565 5546 18404 1757 18330 1477
4064 8434 39656 2944 13378 1124
4149 4317 12022 1312 13580 1139
4611 30857 473918 21574 378876 73835
3686 3790 9758 1131 11938 1020
4210 3896 10192 1167 12998 1097
9556 62411 1423447 94501 792586 280130
3607 161526 4842225 949441 2634784 1727061
3937 143136 4191365 711305 1963352 1156150
4463 157452 4697736 893755 1879729 1087193
3392 155653 4633970 869682 2225444 1375733
4224 71411 1718304 129657 595211 168762
8836 210992 6607175 1745164 3752588 2720180
223366 180534 5518591 1230191 2766983 1842240
169852 162405 4873556 961699 1906170 1108911
372905 170780 5171347 1081973 2414684 1536991
165073 171349 5191413 1090339 2408243 1531497
16382 94426 2494327 255615 891523 342399
2795586 223687 7066129 1982053 3759764 2725971
493292 200849 6244409 1565501 2798900 1870126
1613787 173955 5285689 1129609 2388379 1514209
2070295 182763 5600240 1265828 2647550 1737742
1714994 181583 5557587 1247051 2594873 1692117
494958 106351 2905126 343035 1174138 536972
4402202 243349 7780253 2371387 4217313 3140544
3661 201346 6261776 1574001 2853590 1918142
3878 182732 5596779 1264723 2510828 1619755
3670 189993 5855925 1381937 2779804 1853485
3804 194935 6032523 1464267 2693321 1777985
3880 118212 3316701 445483 1259332 599460
6366 258212 8303432 2675131 4443391 3349617
4159 172510 5232608 1107563 2592644 1690500
4220 156142 4651280 876187 1744694 977161
4144 157402 4695932 893070 2194381 1349461
3954 160822 4817262 939708 2249778 1396357
4155 83448 2120958 188748 710555 231528
9952 225511 7127845 2015627 3488990 2482656
4667 53428 1136591 66413 394304 79433
7101 44177 852080 44006 112625 10283
16386 64076 1477524 100456 513225 128872
5057 20755 231442 10773 51316 3979
4493 3914 10268 1173 12708 1076
62730 95816 2541971 265004 537367 140165
4844 122685 3472875 488190 1806236 1027091
13077 52387 1103929 63575 682944 215864
42117 88106 2278792 215565 1187533 546744
8935 25664 342635 15446 169327 18603
4716 4059 10883 1223 13688 1146
189051 127919 3656264 540992 1856144 1067825
7399 293321 9568798 3448676 3354820 2362442
19991 69186 1644856 120277 327175 56564
19621 105028 2858980 332524 603767 173168
24940 49114 1002266 55191 8069 734
4007 10897 65370 4128 16844 1372
70738 282480 9177827 3203416 3655978 2632931
26553 4073 10950 1228 8843 792
293139 3654 9314 1087 12780 1081
499451 3267 7922 960 3523 363
227716 3208 7620 940 10372 905
17769 3803 9813 1136 13577 1138
2065900 5275 18196 1668 17060 1386
304592 3716 9563 1108 9256 823
1856174 3662 10122 1098 12034 1027
2125349 3247 8678 964 9714 856
1726974 3247 8417 961 9955 875
284916 3913 10364 1174 14003 1169
3758452 4904 19064 1560 17354 1407
543826 74023 1805481 141301 450261 101326
6026394 9667 3528882 119830 386938 76672
6028361 22677 5269260 351079 941204 374142
3368479 48056 976777 52858 275802 41715
745926 4190 11759 1271 11963 1022
4536991 185192 5697981 1307476 3503714 2493518
610838 92749 2437512 244618 770782 266868
3140120 128242 3672511 545126 1562425 830911
3776289 127490 3648901 537757 1175791 537083
3401515 128189 3671624 544729 1451918 744583
746205 51347 1072246 60851 154432 16157
4917665 202314 6315690 1596487 3321552 2329335
624509 4431 12807 1354 10642 925
2136362 3617 10149 1086 11933 1019
2640934 3216 9001 959 10047 881
2222402 3228 8682 958 10273 898
479104 3935 10533 1182 12400 1053
4041138 9169 54884 3344 55214 4305
38207 3495 8613 1033 8912 797
3911 3575 8905 1059 11606 996
4514 3359 8093 988 10863 942
3517 3293 7852 967 9821 865
4022 3822 9888 1142 13418 1127
191598 9200 47023 3295 38091 2922
45283 4089 11024 1233 10010 879
41413 3803 9821 1136 11240 969
36913 4076 10965 1228 11210 967
50739 3475 8540 1026 10491 914
4174 3892 10175 1166 13464 1130
276242 12368 84273 4920 36919 2832
54170 3450 8447 1018 8842 792
106673 3723 9522 1109 11030 954
65179 4410 12471 1344 10382 906
105800 3329 8017 979 9528 843
9211 3871 10090 1159 11533 991
352266 17792 172624 8425 45637 3514
4162 12446 85100 4962 54557 4252
7050 82299 2082210 182484 1122459 499906
12369 107453 2942839 351851 1255913 596925
4378 66689 1562819 110295 792405 280021
4185 5789 19797 1849 14351 1194
20184 210477 6588716 1735843 3567523 2553241
5722 101469 2736162 305328 934397 370461
8525 170628 5165636 1079658 2610276 1705787
56409 189046 5822175 1366419 2680009 1766384
5169 169971 5142283 1070003 1982278 1171839
4580 85991 2207016 203111 748668 253739
99457 271256 8773299 2955373 4191019 3118618
2731 4902 14847 1519 9371 831
3707 3875 10106 1160 11664 1000
3352 5078 15764 1583 11998 1024
3413 3485 8561 1029 10544 918
3875 3951 10420 1186 12958 1094
34269 16314 145464 7369 46750 3604
12732 123228 3491880 493530 1337257 657762
9325 211654 6630888 1757164 3168980 2196756
108249 229735 7279573 2097078 3500832 2493277
6613 223434 7053320 1976040 3271031 2287610
4401 128742 3684957 549537 1088019 475512
217056 268003 8656186 2884687 4265862 3186987
6843 122573 3468984 487100 1054609 452119
9471 189365 5833511 1371628 2511028 1619927
35956 215758 6778002 1832297 3140422 2171387
7837 197562 6126419 1508827 2520943 1628484
5848 102618 2775779 313957 786981 276721
256902 267102 8623744 2865199 4098131 3033862
16780 159666 4776244 923816 1610354 869534
110413 202655 6308700 1596833 2730271 1810190
216223 225352 7122314 2012647 2944377 1997956
89485 207559 6484249 1683452 2746972 1824775
23222 122262 3458096 484057 1019742 428014
1499901 276859 8976548 3078951 4363391 3276022
122337 95649 2536281 263866 1084282 472865
328717 8542 40851 2994 18907 1518
344045 12437 85266 4958 23137 1819
406133 6657 25675 2191 13423 1127
313740 3935 10465 1181 12405 1054
2001352 311846 10239470 3880560 3452559 2449580
300013 151261 4478683 812326 1965029 1157498
1019500 137177 3982287 641803 1636286 889999
1137322 150452 4450897 802135 1763405 992126
1450421 147345 4341447 763046 1770631 997921
1193793 35282 595512 27906 44207 3400
3433410 389668 13056126 5827003 4229279 3152554
258348 153239 4548674 837935 1816157 1035143
327550 164395 4944343 989690 1959014 1152515
752736 150494 4451965 802587 1655251 905174
304236 167890 5068517 1039717 1971509 1162867
27764 49992 1029419 57364 128371 12335
1988564 349023 11582671 4785350 4155693 3086006
10520 5223 16548 1636 16649 1358
8217 3648 9191 1084 12729 1077
34937 3874 10110 1160 10838 940
7629 3195 7506 935 10556 919
3961 3939 10372 1182 13015 1098
89057 9684 51889 3524 42118 3235
10693 4941 15054 1533 11471 986
20296 3714 9457 1106 11903 1017
62794 5940 20749 1907 13090 1103
32505 3338 8027 982 10413 909
4353 3926 10318 1177 12793 1082
156014 14856 121075 6405 50550 3915
7841 21717 252038 11609 13079 1103
50435 10674 62784 4014 19059 1529
78351 84928 2171054 197028 461879 106211
61702 6678 25621 2197 12783 1081
7127 4069 10925 1226 14252 1187
232375 117570 3294501 439560 1439347 735649
6522 4757 14116 1467 76174 6233
9273 3842 9973 1149 22874 1800
38241 4147 11277 1253 17543 1421
7473 3475 8527 1026 20344 1620
5527 3970 10500 1192 4750 469
276245 20664 229808 10699 122507 11545
2730 13798 104448 5748 19004 1525
4340 3830 9918 1145 11914 1018
3609 76177 1876748 151340 1338332 658570
3521 3347 8048 984 10260 897
3974 3825 9898 1143 13838 1157
65123 112780 3127669 396613 1377338 688148
20421 8252 38037 2862 13670 1145
106133 14252 111472 6026 76013 6217
221703 26469 362380 16314 216436 27582
82325 15644 134000 6917 28852 2232
24043 4205 11526 1273 12564 1065
1521780 124274 3530038 504132 1304145 632636
105544 72558 1756378 134679 209399 26120
333448 96986 2582323 273088 1046854 446690
341956 91662 2400166 237601 496405 121222
405821 107797 2955085 354685 1133307 507604
335280 80319 2015833 172018 681310 214925
2080953 198692 6169180 1528846 2457294 1573230
316713 153247 4548995 838045 1141297 513340
1007905 163222 4903342 973308 2045506 1224290
1161447 161016 4825217 942621 1924757 1124065
1484750 183235 5616181 1273076 2494594 1605495
1241274 155086 4615067 862411 2423275 1544207
3401951 255490 8210985 2619851 3386886 2390120
276667 138131 4015156 652577 1023370 430479
334715 102343 2766555 311905 956786 385313
762968 119191 3351550 454742 1675292 921199
301629 93063 2447966 246640 786890 276636
29027 6412 23780 2091 14686 1218
1936074 168108 5078176 1043324 2685185 1770519
7986 106784 2919692 346456 724271 239445
7895 60712 1368553 88674 613632 178295
37911 123383 3497326 495063 1618433 875942
6930 59116 1317226 83423 272099 40764
3620 5428 17681 1712 21419 1697
93228 188966 5819323 1365107 2729177 1809237
10675 109846 3025756 371565 657601 201834
20979 91611 2398125 237247 713665 233314
54185 154249 4584263 851126 2136245 1300453
27929 101594 2740492 306262 1230896 578458
4198 13538 100586 5592 38149 2927
152018 233343 7409184 2167565 3485370 2479387
8215 112605 3121536 395085 662381 204457
48397 126826 3617863 529710 1388760 696861
74656 176629 5379331 1169782 2272177 1415365
60897 140388 4094488 678715 1899748 1103638
6397 61001 1377877 89648 411032 85724
198139 265559 8568141 2831914 4073013 3010985
3454 69017 1639270 119582 265922 39164
45169 132738 3825264 592216 1411342 714140
61776 151813 4498031 819397 1854046 1066127
43103 136369 3952960 632497 1566654 834962
4171 26843 371343 16724 98689 8623
126358 229012 7253616 2083056 3028176 2071931
35003 96464 2564146 269445 1111420 492053
1096767 190119 5861426 1384285 3175132 2202045
1113202 210323 6584203 1733371 3370585 2376353
1189146 221143 6972173 1933041 3500669 2492948
203461 146030 4293675 746512 2064383 1240183
2911882 275190 8918942 3043128 4050979 2990210
68970 124391 3532617 505075 838682 308684
1542635 194236 6009064 1452926 2733926 1813119
1669374 217636 6847006 1867611 2912507 1969616
1687033 229076 7257531 2084838 2890244 1950030
348205 155630 4633443 869438 1604659 864971
3402436 297213 9714650 3540278 4251442 3172785
176626 158288 4727480 905067 1218381 569255
2211399 207918 6499592 1690615 3290025 2304095
2504119 235965 7506347 2220325 3543341 2530933
2389567 243688 7783690 2375178 3485241 2478778
602012 171960 5213543 1099498 2120472 1287119
4234184 317675 10457710 4022479 4753148 3632766
266897 119267 3353705 455384 576793 159408
266001 120692 3403478 468925 1290967 622966
218142 124934 3551718 510524 1138962 511676
276932 132560 3819207 590312 1296838 627354
19559 17869 173721 8478 39455 3028
550919 222824 7031870 1964609 1726347 962277
350911 95953 2546904 265961 656128 200999
1038678 147126 4333190 760219 1607839 867384
953066 140991 4116596 685959 1042753 443766
1132960 162959 4894139 969649 1690166 933067
198649 79676 1994102 168690 442774 98269
1656711 227857 7213717 2061252 2807497 1877434
286989 76275 1880260 151824 516515 130371
1553180 159680 4778305 924347 2073473 1247550
1405226 152616 4527803 830068 1786878 1011123
1591902 171790 5208591 1097233 2033282 1213985
341648 103240 2797503 318715 791967 279724
2114267 230693 7316220 2116456 3006431 2052318
16043 7697 33329 2621 24694 1931
170485 37231 649092 31004 219270 28186
166230 21740 252706 11632 497136 121556
104795 15027 123788 6514 326846 56455
9570 4313 12004 1310 13283 1117
403253 117869 3305100 442352 2005159 1190780
104983 104423 2838140 327808 981591 402011
485504 157465 4698572 894007 2103831 1273169
407919 147611 4349733 766145 1934170 1131962
411924 154493 4593209 854402 2031558 1212756
48890 37939 669162 32191 450073 101272
581464 216168 6793133 1840003 3849100 2807466
144613 151973 4503778 821483 1832408 1048421
716918 190724 5882652 1394158 2641862 1733103
586545 188131 5789945 1351592 3106629 2141319
634254 195259 6044631 1469883 2950866 2003606
107026 106034 2893812 340468 1685415 929408
613543 233676 7421540 2174248 4505586 3406615
39614 153644 4562817 843183 1694297 936550
59778 105416 2872403 335572 1494232 778205
31542 100774 2712258 300185 1184508 544548
56481 104937 2855872 331816 1411135 713977
3965 6816 26573 2253 13915 1163
65914 170677 5167438 1080397 2329510 1464176
6955 4281 11861 1299 11274 972
9208 4285 11879 1301 15586 1282
8027 3905 10232 1170 11045 955
8344 4010 10675 1206 11280 972
4178 3822 9889 1142 13036 1099
159628 34106 561669 26103 1117514 496363
16592 43099 819859 41785 171876 19040
57821 27877 397135 17899 294872 46962
21222 17103 159543 7921 67276 5383
39457 18427 184398 8898 118097 10973
4539 4085 10992 1231 12377 1052
57514 92769 2437680 244700 916591 358728
164992 206028 6429485 1656229 1970290 1161881
218700 122116 3453180 482665 1737456 971280
114193 137421 3990037 644437 1519780 798143
175510 118230 3317466 445670 1297097 627559
8768 9576 50705 3472 42165 3239
202744 244839 7822428 2397649 2972524 2022775
2493 4922 14948 1526 9303 826
3855 13716 103228 5699 21582 1708
3272 4108 11093 1239 10574 920
3362 5630 18848 1788 10931 947
3832 4090 11015 1233 13679 1146
4738 8102 36725 2797 21486 1702
2484 13674 102604 5674 18909 1518
32581 69521 1655893 121659 881902 336183
3495 4941 15046 1533 10826 939
5069 30627 467859 21275 108043 9721
3886 3911 10252 1172 12974 1095
4506 18477 185323 8935 24105 1889
26923 23952 302235 13700 40270 3091
4503 4251 11722 1289 13515 1134
3533 3862 10051 1155 12550 1064
3816 3674 9293 1092 10397 907
4041 4008 10662 1205 13893 1161
20212 12042 79709 4737 59551 4685
89761 80094 2008034 170834 298422 47973
560226 110404 3045607 376316 964110 390187
741001 122185 3456067 483405 1062160 457286
577988 124280 3529162 504030 1357697 673153
89396 15339 128910 6717 60490 4767
1796420 178069 5432469 1192349 1779862 1005299
149065 132221 3807177 586608 1279866 614701
1431187 167891 5069730 1040008 2932599 1987353
1692818 210185 6579978 1731099 3204625 2228140
1649423 211202 6616338 1749467 3226125 2247290
352299 113902 3166919 406473 2000917 1187261
2057531 211879 6641232 1761954 3819247 2780091
223080 147611 4349560 766109 1295046 626022
2211089 174654 5311537 1140387 3159117 2187525
2537611 207445 6483286 1682353 3218741 2240432
2432164 214309 6729009 1806552 3349284 2356942
655157 124449 3535159 505730 1941679 1138123
2796394 217874 6857631 1872697 3803970 2765982
3317 94141 2484537 253711 605961 174304
190634 232046 7362615 2142136 2755329 1832065
72441 169382 5121383 1061385 2281940 1423663
160562 206398 6442744 1662802 2644178 1735205
13674 104823 2851896 330920 900745 348384
167008 286416 9319852 3291882 3845215 2804015
3850 124682 3542748 507977 516858 130552
72318 210106 6575469 1729159 2078463 1251983
27421 158524 4735733 908244 1570668 838132
62288 193452 5979565 1439366 1995624 1182913
4365 105628 2879692 337241 359520 67104
67311 242682 7744757 2353821 2668401 1756285
3582 4279 11849 1298 12827 1084
4683 4036 10782 1215 12755 1079
4656 3680 9318 1094 10960 949
4233 4020 10714 1209 11242 969
4048 3972 10511 1193 12998 1097
15273 12991 92674 5272 46613 3593
10076 99015 2651700 287388 179685 20415
114531 195445 6050842 1472902 1684272 928499
62405 145249 4265993 736914 1058837 455060
99821 176311 5368020 1164929 1502334 784522
10381 69668 1660703 122266 93432 8035
160705 230357 7301952 2109182 2107826 1276576
4523 51385 1072641 60924 105769 9449
5421 27868 396865 17888 139495 13901
30222 81222 2045948 176733 998385 413407
4331 16085 141462 7213 43580 3350
3829 4229 11623 1281 14175 1181
140734 134903 3901458 616076 2204775 1358224
108677 44888 873551 45516 356285 66000
20194 6087 21648 1963 15825 1299
32093 42507 802295 40599 93758 8070
16653 4825 14463 1491 11688 1002
4649 4041 10804 1216 13330 1121
434848 161214 4831517 945200 1380816 690755
7581 6313 23112 2052 11649 999
8361 7553 32161 2559 4983 488
7856 5607 18715 1779 11424 983
6161 5470 17921 1728 12069 1030
3989 3885 10147 1163 12539 1064
21511 9217 47072 3302 18711 1504
42281 67682 1595398 114196 774749 269309
98456 114622 3191724 412819 1625855 881834
128159 117870 3304867 442320 1698827 940174
79355 101772 2746665 307596 1409223 712508
7119 8128 36946 2808 158882 16872
299351 150389 4447843 801166 2130384 1295491
321006 146692 4317181 754710 1544547 817531
974834 204498 6375431 1629396 2860636 1924172
1252569 251415 8059919 2533182 2932451 1987272
1002565 211454 6624597 1753803 2864570 1927622
157792 122975 3483148 491056 1227417 575887
2105183 338834 11214552 4532619 3720207 2690501
107165 25273 333358 15037 178702 20235
819462 113474 3152470 402760 1561561 830834
1659132 147074 4332158 759732 2190871 1346194
801741 98974 2651055 287175 1437468 734116
150315 14886 121548 6424 182464 20910
4307634 182050 5583567 1256820 3965278 2911028
176676 100514 2703436 298288 1460112 751697
925413 157409 4697028 893349 2972098 2022272
1723991 198660 6167468 1528132 3251746 2270097
985117 160652 4812087 937546 3015609 2060676
230994 114559 3189668 412280 1797289 1019777
4224854 216275 6806675 1845028 4554877 3450193
61910 22226 263256 12068 194424 23144
8482 4385 12333 1335 14929 1235
13251 6733 25986 2219 12287 1045
5766 3907 10240 1171 3719 380
4322 4810 14381 1486 13037 1100
137628 66779 1565892 110652 576004 159025
7163 4659 13634 1432 3211 335
7008 4311 11995 1309 12067 1029
15072 4519 12962 1382 11453 985
5311 4068 10919 1226 10601 922
4289 3995 10607 1201 12814 1083
6029932 18130 7334998 735608 2748397 738206
4852 11033 66995 4198 39457 3028
45077 4708 13892 1450 24141 1891
3838 3631 9125 1078 10936 947
3669 3820 9878 1141 10486 914
4210 3860 10044 1155 13091 1103
29874 10653 62526 4003 90702 7734
66267 52426 1105221 63683 301711 48918
7267 5092 15841 1588 11419 982
80959 34493 572240 26678 130863 12676
10123 6828 26664 2258 10952 948
5408 4627 13478 1421 12147 1035
6031323 8786 11970699 2252233 7393480 2493652
259549 63356 1454328 97861 208712 25976
129505 21524 247986 11440 43535 3347
93415 21286 242828 11231 5272 512
95113 11749 75955 4578 16485 1346
7298 4101 11065 1237 12369 1051
379735 90105 2347128 227803 322599 55135
338986 102225 2762517 311022 960581 387851
126224 70453 1686728 125566 1084146 472766
107818 81232 2046343 176790 1478744 766151
105161 60887 1374279 89266 455681 103602
8935 4964 15170 1541 18844 1514
386425 143476 4203685 715454 3158272 2187180
1330598 167354 5050500 1032208 2312517 1449473
1005186 175656 5345490 1155145 2708918 1791415
1009580 182593 5592726 1262758 3124573 2157160
1077078 190247 5865976 1386387 2883812 1944510
173470 100950 2718422 301493 1264114 602984
1908718 241014 7686730 2320828 4655281 3543995
1826809 186989 5750603 1333412 2434561 1553759
2072807 184982 5679376 1301174 2875605 1937055
2279873 201614 6274042 1579437 3057746 2097619
2312371 216653 6812800 1849697 3030710 2073691
683441 155013 4611865 861314 1731804 966653
3530150 259921 8370966 2713570 4728766 3610966
1186451 201226 6258586 1572241 2912159 1969419
956850 189566 5841527 1375153 3375142 2380458
943179 207639 6487860 1685103 3612217 2593336
1185506 221419 6982089 1938251 3134295 2165755
366516 187134 5754135 1335324 2504754 1614464
1704044 296817 9696567 3529572 5057879 3915854
11740 48414 980732 53502 331034 57772
456319 132187 3806269 586290 2091522 1262854
370480 169295 5118532 1060171 2337885 1471277
343565 132603 3820786 590792 2123601 1289782
69357 38390 682098 32964 740146 248704
809330 287237 9349971 3310618 3760600 2727310
27198 73672 1793306 139671 230145 30573
780296 141971 4150958 697517 2029803 1211234
811277 183914 5639658 1283686 2201339 1355220
766696 151485 4487056 815300 2142539 1305638
188483 77150 1909417 156049 693647 221877
1494043 300624 9833681 3617429 3544749 2532502
10316 12641 87770 5071 15969 1309
34766 22689 273502 12493 115556 10649
26834 10893 65338 4126 22658 1785
27774 14502 115309 6180 38888 2984
5560 4502 12879 1376 13296 1118
54319 39237 706489 34448 22044 1742
48668 38118 674286 32497 103298 9156
248438 90696 2367126 231479 1004585 417609
266940 90590 2363535 230817 934993 370825
231517 83203 2112892 187417 855023 318981
32165 7607 32607 2582 16355 1337
561379 125876 3585017 520084 1327335 650205
2428 3969 10498 1192 3926 399
3916 6712 25834 2211 11658 1000
3767 5194 16387 1625 10045 881
3673 6068 21520 1956 11046 955
3983 4008 10661 1205 13094 1104
4498 7263 29886 2437 19066 1529
70380 53758 1147010 67330 212445 26749
374002 117033 3275909 434636 1553602 824637
416682 122370 3462239 485168 1519696 798034
453867 127237 3632612 533986 1643142 895552
87833 23236 285878 13008 242288 33354
630000 147579 4348786 765779 1932062 1130186
2535 43245 824197 42081 375680 72702
3607 4773 14195 1473 14412 1198
32243 93891 2476028 252059 1910777 1112717
3193 3795 9778 1133 11554 992
4005 4036 10782 1215 12495 1060
50892 112044 3102057 390233 2351489 1482934
33436 130881 3760060 572175 1564190 833021
6176 21122 239216 11088 256365 36753
81593 122968 3482828 490975 2614409 1709358
3873 10586 61741 3969 84209 7046
3867 4543 13072 1391 13169 1109
218705 156942 4679807 886927 3379080 2384100
15327 7353 30585 2475 15558 1280
6142 4761 14135 1468 14265 1188
18933 4794 14308 1480 15465 1273
4654 4485 12798 1370 12263 1044
4495 3969 10496 1192 12421 1055
25515 8874 43746 3143 44743 3443
17050 5940 20726 1906 9770 861
6116 7384 30822 2488 11093 959
30414 5825 20024 1862 11184 965
4093 6400 23686 2086 3452 357
4813 4086 10996 1232 13147 1107
49895 12368 84083 4918 21063 1671
38364 13544 100700 5596 15175 1253
12216 5575 18533 1767 10949 948
61397 12343 83747 4904 26570 2066
8780 5004 15377 1556 10407 908
5319 3901 10213 1169 11634 998
189638 45059 878764 45884 177283 19982
828189 146115 4297275 747678 1868338 1077723
533707 135017 3905801 617401 811356 291608
1135542 160276 4798935 932414 1658125 907402
596264 145142 4262665 735691 1316494 642049
134672 60481 1361243 87907 194858 23228
2626663 229145 7261658 2086721 2852524 1916609
50260 38333 680437 32865 171601 18992
572662 106326 2904324 342841 1196098 552910
639861 107687 2951510 353819 1125436 501951
376219 88272 2284759 216592 889530 341070
26399 7010 27994 2332 15239 1257
2140203 225076 7114633 2008096 2681020 1766828
12107 91357 2389473 235635 676379 212200
69447 126098 3592364 522274 1636326 890174
54055 137411 3989623 644311 1862359 1072936
33910 112665 3123642 395609 1392219 699503
4092 13756 103830 5723 84542 7081
208663 210513 6590144 1736535 3535672 2524567
16580 139149 4050799 664277 1100773 484514
17899 99032 2652316 287516 1170745 534574
22361 121717 3439081 478769 1475560 763694
16705 106921 2924421 347553 947044 378851
3671 9691 51895 3527 18856 1515
67921 180854 5529861 1235161 2544952 1649214
3323 4457 12668 1361 9648 852
13961 9718 52186 3540 57720 4524
7494 6792 26400 2243 17595 1425
8978 7350 30562 2474 16376 1338
4235 4110 11103 1240 13034 1099
17603 10547 61298 3950 40892 3139
789827 247603 7922331 2454341 2817696 1886546
104571 12497 85878 4991 92209 7898
257552 50023 1030593 57448 373300 71852
194420 25567 340477 15345 228793 30264
48514 6289 22970 2042 14781 1225
2705659 248406 7954066 2471870 3342074 2350398
560946 186455 5730068 1324382 2142956 1306027
2769649 218839 6892175 1890670 3173565 2200179
3169848 230789 7322129 2119153 2788304 1860034
3000310 233833 7430954 2178615 2444703 1562029
910974 155822 4640773 872102 2297309 1436603
4774572 288456 9409235 3344435 4503196 3401753
145897 125140 3558886 512591 1076207 467193
311797 183344 5618876 1274502 2016660 1200367
747487 222567 7022830 1959800 2934274 1988971
532280 219385 6908460 1899827 2775705 1849824
81349 139009 4045925 662668 1581979 847052
1899126 304362 9969151 3704640 4636746 3526944
262423 165167 4971702 1000624 1565710 834193
404554 191308 5903227 1403737 2388678 1514700
992244 236106 7509183 2222354 2938948 1993045
773367 234093 7436664 2182506 2807049 1877220
169261 163358 4907408 975049 1693971 936272
2359755 336113 11116655 4465893 4544362 3441840
206946 151244 4478015 812096 678398 213315
377740 180624 5521915 1231626 2079951 1253182
852110 209254 6545617 1714017 2450168 1567386
650416 212129 6648443 1765962 2304294 1442601
157871 142309 4162321 701437 1068566 461842
2000476 313458 10297673 3918733 3584811 2568416
2567 83110 2109567 186894 302245 49076
3831 19071 196975 9396 161896 17362
3703 23453 290737 13214 182161 20858
3488 10132 56634 3742 54172 4219
3785 3959 10457 1189 12855 1086
10942 108102 2965311 357135 1127515 503513
21436 7798 34159 2664 28186 2183
54486 16086 141521 7213 207885 25808
207222 55615 1205788 72652 793442 280633
40814 10942 65930 4151 83135 6934
6550 4280 11854 1299 13088 1103
630725 112385 3114451 393250 1648899 900116
550467 166627 5023853 1021558 1763229 992084
2020556 236791 7535139 2236415 2811345 1880701
2594702 242647 7746685 2354228 2995096 2042127
2288084 279554 9074893 3139176 3097491 2132831
728652 202153 6291270 1588228 1327575 650370
4200707 228732 7253387 2080901 8896150 7533799
1218110 152287 4515920 825751 2462181 1577639
47116 5619 18804 1784 14770 1224
238050 30790 472383 21490 231340 30834
32560 4965 15185 1542 10893 944
4869 4211 11547 1275 12908 1090
364963 49073 1001362 55103 256942 36887
7303 5827 20025 1863 11173 964
6726 5324 17102 1674 13312 1119
4328 3854 10019 1153 10828 939
4545 4571 13210 1401 11067 957
4366 4141 11235 1251 12370 1051
12412 7162 29121 2395 17697 1432
3755 3876 10107 1160 8097 735
5124 3835 9942 1147 10863 942
3989 3622 9087 1075 3345 347
3949 3599 9000 1067 10181 891
4226 4128 11178 1246 12428 1056
27752 7958 35503 2733 49275 3810
69792 81965 2070996 180690 602936 172732
378553 177760 5419866 1187191 1988788 1177189
439816 157396 4696107 893077 1805298 1026270
436003 172512 5233029 1107677 1965359 1157753
54882 49707 1020631 56655 410243 85419
1108712 206356 6442100 1662310 2741579 1819895
6326 9933 54464 3644 13555 1137
4476 10915 65581 4137 14442 1200
3780 6714 25846 2212 11569 993
3408 10248 57914 3800 11183 965
4107 4019 10708 1209 13426 1128
10344 24001 303350 13748 74467 6067
100843 98896 2647710 286548 624592 184057
133030 93513 2463193 249574 430626 93375
198808 138800 4038643 660264 1300937 630432
130792 96778 2575008 271626 757489 258963
17029 9016 45106 3209 13631 1142
485390 255860 8219145 2625719 2630240 1723054
3805 4783 14248 1476 10116 887
4909 5162 16212 1614 14534 1207
3786 3794 9774 1133 10750 933
3829 3652 9206 1085 10933 947
4106 3909 10247 1172 4226 425
15718 17071 158954 7899 43253 3325
83023 149416 4413240 788761 1585025 849461
638062 107585 2947982 352991 1677139 922696
429730 116752 3266165 432070 1984884 1173935
444252 99964 2684738 294290 1515642 794858
55465 13991 107416 5865 319829 54295
1677079 224372 7088652 1994428 4581852 3476489
147824 179060 5465983 1207219 1866538 1076354
898743 132341 3812109 588031 2038172 1218188
800983 150523 4453068 802977 2447086 1564739
737750 137017 3976382 639941 1979080 1169073
134224 85658 2195822 201197 855002 318978
2281603 259244 8343196 2697944 5030495 3890329
146743 29349 434726 19662 167349 18266
234337 89149 2314442 221899 1043476 444359
259487 58645 1302393 81926 582472 162265
189756 68823 1633052 118798 753228 256422
7653 4352 12184 1324 13730 1149
877913 108362 2975151 359367 1151577 520639
831717 126908 3621453 530662 2186225 1342443
1853153 171022 5181655 1085951 2969775 2020017
2395347 205069 6397912 1640072 3300804 2313646
1944381 190070 5860821 1383793 3116387 2149680
507380 132276 3809450 587265 1941217 1137766
4126596 289725 9448163 3370434 5168559 4017120
541989 130445 3745177 567588 1825954 1043091
1039787 167571 5057899 1035273 2482029 1594761
1342315 176357 5370864 1165928 2661051 1749664
1257528 182802 5600464 1266141 2642514 1733567
267703 131915 3796560 583323 1493564 777661
1979142 251841 8076226 2542386 4472922 3376334
408493 138717 4035923 659346 1704292 944530
1002684 169198 5115691 1058897 2553708 1656631
1256716 182243 5580543 1257307 2590105 1688089
1281464 191555 5912937 1408075 2757352 1833637
327719 149783 4426434 793458 1603826 864312
1886581 263161 8483562 2781113 4321271 3237347
3559 4292 11910 1303 8260 748
10029 4144 11254 1252 11637 998
6092 3710 9437 1104 10210 894
7637 4175 11388 1262 3617 371
4131 4125 11167 1245 12480 1059
230870 11177 68922 4275 230743 30698
3277 4690 13784 1443 9424 835
4980 4229 11625 1281 10903 945
4210 3848 9995 1151 10431 910
4495 3959 10457 1189 10598 922
3996 3966 10486 1191 4549 452
16064 9027 45206 3214 20196 1610
216469 100914 2717231 301234 694259 222223
374625 104801 2851442 330782 1222004 571882
386897 95389 2527605 262122 914570 357367
439518 109461 3012794 368400 1198290 554527
38143 7218 29565 2419 13346 1122
1357382 177324 5405338 1180741 2252814 1398702
376899 83518 2123658 189160 1422500 722658
36593 5818 19986 1860 20164 1607
36591 4893 14814 1516 10979 950
28604 4622 13463 1419 11746 1006
4738 3781 9722 1128 4066 411
119030 12928 91875 5236 63932 5076
670996 110673 3055045 378601 1943440 1139575
43300 19739 210425 9929 335953 59329
208364 104060 2825710 325008 1370086 682611
29805 15726 135329 6971 24849 1942
5589 4726 13964 1456 13569 1138
737908 213918 6712641 1798650 2873117 1935178
846065 107594 2948506 353089 2006887 1192143
59639 11460 72269 4423 14614 1213
293323 86671 2230317 207084 1104763 487301
44790 8609 41277 3023 60996 4812
6542 4624 13466 1420 13467 1130
1064160 185820 5707928 1314284 2431083 1550948
1803511 150944 4469201 808611 2475477 1588949
1343025 155067 4614522 862187 2760255 1836158
2320477 206706 6456378 1669051 3506375 2497774
1635362 197659 6131552 1510960 3157864 2186581
599652 161785 4851909 953143 2552880 1655986
3457929 336525 11134451 4477335 4904995 3773626
1840076 158613 4740888 909887 2623414 1716839
1378477 163975 4930529 984008 2428860 1548969
2346934 217809 6854300 1871169 3472361 2467225
1690261 205195 6401266 1641961 3096843 2132421
633090 171249 5188259 1088956 2364374 1493865
3405853 337004 11151586 4489030 4730654 3612463
207259 130665 3752597 569884 985795 404846
756766 213245 6688523 1786333 2089909 1261461
918038 192810 5957380 1428845 1847456 1060606
656844 195004 6035520 1465577 1852890 1065097
68546 51169 1065990 60365 176577 19860
1804003 209166 6543608 1712779 2706035 1788726
447208 120049 3381163 462807 1224302 573561
2124119 205954 6429101 1655591 2839523 1905367
2300476 192673 5954413 1427091 2494832 1605472
2144838 197338 6120871 1505708 2733298 1812368
453884 105857 2888021 339104 976616 398613
2779377 196830 6104041 1497430 2987215 2035057
59850 20565 227495 10612 40904 3140
20626 5783 19764 1846 13572 1138
60765 19655 208749 9862 189299 22172
8833 4005 10652 1204 10864 942
4582 3867 10071 1157 12166 1037
258091 73387 1784047 138394 589219 165684
9602 13273 96712 5436 19748 1578
386797 117412 3289138 438124 1483440 769766
302186 115451 3220759 420263 1246485 589918
339387 128201 3666272 543939 1394479 701192
35521 18127 178636 8671 110044 9963
1814704 195501 6054639 1474347 2643516 1734303
9315 75673 1859921 148942 523332 133554
51936 16206 143594 7295 247531 34598
320323 77018 1905137 155415 1122184 499672
50357 11552 73424 4472 178305 20164
6521 4122 11155 1244 13426 1127
465728 90323 2354631 229166 1242550 586988
601369 223290 7048612 1973450 2405708 1529263
2543032 243079 7762116 2362943 3197263 2221335
3226347 262398 8459058 2765922 3177313 2202388
2955968 259126 8340446 2696001 3441864 2439622
931488 158642 4740742 910026 2242068 1389673
4542851 323336 10665043 4159570 4666256 3552047
336099 68718 1629727 118377 616341 179688
534678 71114 1708970 128406 947866 379336
720023 77408 1918582 157346 1084005 472593
469504 57829 1276494 79363 713480 233164
67949 5765 19678 1839 14313 1191
1710781 117788 3303812 441813 1907908 1110049
1059050 159133 4758306 916745 2402884 1526756
2868669 221957 7004269 1949333 3194410 2218661
3394831 227151 7192308 2048946 3331408 2340525
3142824 230175 7300005 2107174 3097333 2132327
960566 139959 4080219 673855 1964979 1157349
4342274 259867 8373940 2714264 4297332 3213881
724864 126222 3597284 523623 2514127 1622485
2204206 168692 5099401 1051919 3099253 2134405
2634602 170616 5168706 1080315 3350686 2358116
2446539 174796 5317042 1142642 3286768 2301099
637382 105542 2877305 336631 1840365 1054844
3312257 199619 6205368 1545665 4306430 3223176
11662 5994 21062 1927 9511 842
8249 4758 14124 1467 11629 998
62484 10014 55384 3684 22837 1798
5531 4375 12288 1332 10462 912
4440 4019 10711 1209 3835 391
165486 37525 657458 31495 225065 29442
2941 48314 977661 53263 83688 6993
37633 89989 2342861 227054 1241749 586451
34693 96273 2557606 268131 1311332 638240
38023 94797 2507022 258097 1279846 614696
4092 8913 44101 3161 24436 1912
70059 127961 3657624 541408 1489967 774886
6030 115898 3236057 424257 1073303 465172
91810 182163 5576575 1255756 2624147 1717814
66566 187551 5768774 1342024 2535646 1641173
94169 193512 5981707 1440364 2755698 1832396
4169 104675 2846758 329760 930020 367569
108055 261517 8422490 2745295 3629236 2608812
327439 236889 7536713 2237691 2425923 1546648
410252 136245 3948875 631142 1784567 1009412
747745 148405 4378101 776138 1949828 1144846
524004 147011 4328628 758698 1933749 1131596
88246 52798 1116870 64687 299031 48146
2100268 214632 6739951 1812283 3369188 2374834
3692 4220 11587 1278 12352 1050
4625 6481 24237 2118 13504 1133
4269 4731 13988 1458 15731 1292
3556 5487 18018 1734 10918 946
3849 4205 11517 1273 4076 412
48919 43051 818488 41690 231100 30785
13213 4266 11793 1294 117797 10934
13379 6248 22683 2026 125077 11888
22468 4898 14833 1518 130733 12658
7708 5231 16592 1639 118065 10969
4033 4018 10703 1208 24828 1940
409257 62958 1441576 96449 646234 195581
664925 107240 2936059 350197 1201283 556679
317385 152287 4515009 825565 1216133 567589
245970 103780 2816047 322845 662843 204690
301372 142411 4166026 702672 1104470 487098
25947 9071 45645 3234 12714 1076
1569927 160832 4819184 940185 2184912 1341187
73912 74230 1811907 142220 289819 45548
42160 19129 198152 9442 114271 10487
149743 184831 5671792 1298182 1180046 541304
36880 14565 116322 6220 87445 7385
5527 5318 17066 1671 13784 1153
652789 269938 8726267 2926833 1937921 1134960
487124 208087 6503488 1692988 1710490 949511
2274639 245862 7861661 2419379 3351658 2359123
2408882 327081 10790425 4245656 2951816 2003997
2470755 259219 8342665 2697553 2693627 1777666
756386 192841 5958315 1429313 1801729 1023316
3103106 455790 15448555 7606629 3948996 2897348
4228 4366 12246 1329 9260 823
4427 4059 10882 1223 12414 1055
3604 3836 9946 1147 10660 927
3785 3761 9641 1122 10946 948
4064 3964 10474 1190 12891 1089
6729 6268 22817 2034 26732 2078
5458 3510 8659 1038 8470 764
14653 3831 9926 1145 11180 965
9232 3489 8581 1031 10516 916
8439 3467 8498 1024 9405 834
4466 3809 9834 1138 13190 1111
50731 8402 39395 2930 23652 1856
156149 116067 3242089 425810 1134709 508638
1532457 186663 5738577 1328036 2879875 1940952
1621155 211546 6628625 1755695 2964077 2015056
1726147 205443 6410197 1646362 3032743 2075664
313965 142709 4176557 706236 1687535 931084
2475027 274564 8895406 3028976 4047092 2986864
11955 14277 111778 6040 34651 2661
14221 9204 46943 3296 22023 1740
27660 8448 39795 2950 43215 3321
7773 6277 22874 2038 12064 1029
4167 3894 10184 1166 13426 1128
58410 34761 579644 27082 207291 25688
19400 154146 4580601 849772 1789002 1013071
140448 196739 6097125 1494847 3313173 2325196
81980 208528 6518939 1700779 3487869 2481637
124566 206135 6433300 1658126 3478227 2472976
5384 121360 3426574 475309 1769438 997189
196650 320048 10533727 4074997 5011953 3873611
30969 195749 6061640 1478024 2248461 1395240
29658 129922 3726370 561960 1616161 874139
43771 154757 4602258 857821 1890874 1096344
35430 133867 3864948 604589 1575531 841966
4809 23026 281055 12808 109113 9850
309483 296876 9697282 3530346 4490776 3393068
8316 5493 18056 1737 10189 892
4751 3970 10502 1192 11304 974
3881 3518 8690 1041 10895 944
3870 3707 9426 1104 3489 360
4260 4014 10686 1207 12401 1054
17868 9649 51472 3507 10779 936
9813 45413 889294 46648 484632 116018
155549 21699 251791 11595 269982 40205
53578 5048 15630 1572 10800 937
163966 16687 152176 7628 228674 30238
4266 4033 10769 1214 14382 1196
16808 46937 935541 50049 504182 124744
5428 46694 928119 49495 184627 21308
23855 16738 152956 7663 51879 4026
7622 4893 14806 1516 10914 945
24226 13345 97771 5478 20466 1629
4078 3912 10258 1172 13126 1106
9598 37891 667738 32108 153907 16081
4639 5210 16474 1631 10105 886
5222 4557 13142 1396 12684 1074
4048 3965 10481 1190 10533 917
3746 4204 11513 1272 10309 901
4161 3784 9731 1129 12838 1085
13870 8361 39001 2911 36558 2805
25199 32440 516163 23710 3390 352
38790 25407 336485 15175 5764 553
33183 16411 147162 7436 22959 1807
24628 15349 129006 6722 3345 347
4603 4056 10866 1221 12674 1073
321552 85321 2184587 199283 570425 156231
11982 203840 6351049 1617579 1864883 1075017
6315 103992 2823171 324459 1319064 644053
3572 112040 3101894 390197 1263520 602565
3714 88334 2286507 216933 1044060 444789
3733 5165 16227 1615 13626 1142
35324 220784 6958254 1925953 3332459 2342442
55107 238564 7596700 2271001 2688797 1774042
128870 184378 5655616 1290934 2932366 1987371
71192 202210 6292749 1589058 2754600 1831441
124071 194937 6032669 1464319 3028087 2071849
7991 125266 3563188 513844 1283111 617136
122141 270573 8748693 2940478 3987923 2933561
3819 5872 20299 1880 8654 778
4524 4565 13180 1399 11932 1020
3604 3695 9375 1099 10531 917
3659 3849 10000 1151 10420 909
4319 3794 9772 1132 12170 1037
11964 12848 90648 5189 35562 2730
4289 5542 18333 1755 10229 895
6785 5387 17455 1697 12448 1057
7376 4113 11113 1241 10409 908
4745 4806 14363 1485 10895 944
4306 3946 10400 1184 4166 419
62727 8875 43783 3144 23679 1858
5177 8474 40013 2962 3841 391
5701 5199 16415 1627 12777 1081
5330 4228 11621 1281 11567 993
4279 4929 14987 1529 11496 988
4310 4116 11127 1242 13892 1161
59857 19552 206661 9779 49803 3854
4837 5553 18397 1759 13596 1140
38103 7330 30425 2465 20975 1665
45178 15287 127995 6682 342362 61392
24354 4305 11975 1308 3884 395
4188 3956 10442 1187 13795 1154
178234 80011 2005335 170413 907813 352970
4424 5411 17585 1706 10508 916
16218 7663 33054 2606 5080 497
10188 4987 15287 1550 11520 990
10696 6011 21167 1934 3506 362
4325 4030 10754 1212 12867 1087
81361 47455 951402 51243 230600 30672
2450 6298 23009 2046 16667 1359
3564 4203 11509 1272 12434 1056
3357 3722 9485 1109 10966 949
3178 3985 10566 1197 11341 977
4092 4033 10767 1214 12726 1077
9820 18295 181827 8797 56397 4410
20599 12725 88939 5119 11362 978
91149 33260 538434 24868 179960 20460
56171 130413 3743623 567176 1291020 623033
25424 6734 26001 2220 11922 1019
5353 4160 11322 1257 12738 1078
307561 192082 5930807 1416564 1903122 1106386
3495 26157 354547 15972 10889 944
3874 14815 120277 6378 11401 981
3651 13172 95244 5377 10512 916
3688 12320 83386 4891 10363 905
4142 3862 10050 1155 4121 415
5781 27659 391623 17647 30709 2368
206971 201169 6255599 1570972 1793630 1016814
24057 74482 1820252 143378 477639 112965
102707 143750 4213095 718705 2023865 1206390
36243 81089 2041475 176031 564589 153360
6175 5678 19134 1806 13050 1100
232446 187242 5757878 1337045 2766348 1841684
10275 85420 2187648 199824 832072 304540
172263 119100 3347829 453810 2196813 1351488
73386 123345 3496006 494687 2200036 1354226
100222 106929 2924787 347630 2282396 1424039
4931 29957 450319 20417 259754 37598
89828 152685 4528916 830691 2134045 1298598
184056 68035 1607137 115613 272483 40860
183895 45731 899078 47349 399011 81170
510141 72937 1769336 136388 627084 185343
193677 45655 896788 47182 106112 9488
53694 6074 21582 1958 13000 1097
1158849 105490 2876096 336289 1093869 479483
1567609 190619 5879874 1392692 2745589 1823297
2941512 191226 5904186 1403442 3101388 2136011
3567951 206230 6442959 1661678 3354505 2361025
3117417 204286 6371707 1626806 3197026 2220851
1157332 143240 4196126 712757 1891429 1096620
5396343 266634 8642458 2868703 4745592 3618662
931489 240782 7677179 2315736 2622483 1716240
1732953 242163 7727783 2343917 3142799 2173183
1823666 240731 7676442 2315095 3086348 2123089
1712029 239056 7616066 2281423 3053803 2094299
307725 144902 4253950 732719 1695315 937330
2800956 266935 8621234 2862931 3634295 2612701
15302 42531 802980 40646 390546 78050
66145 9383 48771 3381 43003 3304
82326 17141 160280 7949 107008 9595
58614 7523 31954 2547 21045 1670
5206 4072 10937 1227 13095 1104
344560 77316 1915122 156870 987482 405968
3623 5192 16374 1625 10847 941
4796 4666 13667 1434 12050 1028
20285 5229 16586 1639 9709 857
3903 4231 11634 1282 9906 871
3992 4114 11121 1242 12209 1040
74990 28294 407697 18388 124822 11854
5137 4962 15156 1541 4163 419
17582 7239 29708 2427 20629 1640
185890 31501 491150 22429 141230 14152
11460 5060 15672 1576 10798 937
4793 3798 9790 1134 12687 1074
533713 91968 2410775 239572 837192 307695
2418 4861 14637 1504 10133 888
3502 5390 17466 1698 12830 1085
3359 3757 9625 1120 10541 918
3144 3928 10324 1178 10016 879
4041 3892 10176 1166 12262 1044
4776 18542 186588 8985 162104 17396
4177 12513 86012 4999 19187 1538
5479 13287 96907 5444 44260 3404
6973 8390 39259 2924 12297 1046
4051 7018 28043 2336 23371 1836
4143 4189 11447 1267 4213 423
40625 42462 800963 40510 465130 107587
13490 16279 144840 7345 22201 1753
18748 19439 204335 9688 58768 4616
28633 11318 70483 4348 66231 5286
9560 9801 53062 3580 6616 621
4741 4100 11058 1237 13839 1157
244929 55603 1205451 72619 474736 111692
330555 243088 7759556 2362112 2491508 1603056
634894 146377 4306322 750866 2119632 1286405
545156 148263 4372880 774316 1737081 970933
623490 147656 4351521 766745 1944459 1140428
85824 38694 690865 33493 95259 8236
1145575 211631 6631089 1757060 2542625 1646961
489297 263598 8497750 2789889 2951987 2004625
964810 165677 4990511 1008053 2660958 1749658
1045683 163342 4907652 975005 2561766 1663592
1014062 168470 5089819 1048293 2726776 1806989
223081 81558 2057429 178527 1069342 462357
1876572 227019 7183940 2045206 3783784 2748009
9389 14001 107540 5871 55997 4375
13126 8941 44380 3174 49199 3804
7748 5662 19040 1800 13558 1137
8938 7094 28612 2367 26897 2090
4372 4170 11364 1261 12717 1076
95740 53032 1124238 65327 319917 54323
33984 40743 750315 37198 34084 2619
31745 16223 143867 7306 120807 11324
59332 24100 305691 13846 164494 17790
19130 8076 36508 2785 25337 1977
4603 4047 10831 1219 12452 1057
606773 138249 4019599 653982 2471472 1585746
1416804 191797 5921727 1412126 2657851 1746865
2609252 194386 6016249 1455952 2839993 1905605
3569278 219945 6934434 1912198 3333184 2341949
2952140 215403 6769428 1827045 3091007 2126799
772395 133507 3852953 600740 1576216 842400
5715209 288750 9478793 3375213 4997336 3846730
159739 102222 2762235 310977 762602 262011
439644 105344 2870271 335048 1120111 498184
692133 113902 3167218 406509 1160555 527132
410220 100959 2718936 301580 943513 376459
73705 12458 85316 4969 21843 1727
1750046 164327 4943524 989089 2194363 1349124
1219901 201081 6253430 1569732 2755662 1832175
2107619 204912 6391767 1637146 3007210 2052990
3007985 234792 7465432 2197535 3661311 2636968
2426023 228098 7223645 2066326 3295574 2308976
484976 155038 4612560 861603 2086057 1258275
5266590 313506 10325882 3931369 5429169 4255857
2279 6856 26859 2269 10302 900
3629 3960 10458 1189 11004 952
3204 3729 9510 1111 10337 903
3125 3643 9170 1082 10951 948
3904 3940 10377 1182 12953 1093
4139 5618 18775 1783 19674 1573
95153 216623 6809068 1848306 2925318 1981186
3780 13360 97964 5487 26046 2028
4097 22275 264267 12112 127223 12178
3389 9305 47945 3344 13257 1115
4054 4177 11396 1263 12141 1035
30034 93151 2450716 247189 731326 243548
6556 5931 20665 1903 9638 851
5639 3984 10561 1197 3749 383
9754 4828 14476 1493 10031 880
3719 3397 8232 1001 10205 893
4378 4011 10674 1206 12886 1089
133139 20194 219859 10304 27861 2160
641726 176914 5389959 1174261 1858946 1070057
1101127 143913 4219811 720857 1690264 933144
1171504 135973 3940119 628224 1561618 830817
1240088 151231 4478569 812132 1769177 996779
284900 54893 1183025 70556 434623 94962
1138882 150698 4459613 805283 1584231 848666
6757 7580 32380 2571 12853 1086
4927 3846 9984 1150 10790 936
4068 3520 8697 1041 10307 901
3727 3572 8896 1059 10208 893
4384 3889 10165 1165 4135 417
6027 5505 18124 1741 16401 1340
3764 70114 1675434 124132 744016 250991
4284 10422 59869 3887 43048 3308
3701 8909 44058 3159 16663 1359
3663 12765 89490 5142 41037 3150
4184 4361 12222 1327 12920 1091
6809 92818 2439321 245016 805043 287767
4270 4143 11247 1252 8676 779
13298 9428 49195 3402 32681 2514
4637 4986 15280 1549 10127 888
6738 4779 14229 1475 11827 1012
4232 3841 9965 1148 12363 1051
5988 7199 29402 2411 22820 1797
3741 4907 14872 1521 11702 1003
4203 3840 9961 1148 12306 1047
3786 3601 9009 1068 11732 1005
3452 3714 9451 1106 11107 960
4168 4010 10669 1206 14230 1185
39182 10705 63142 4030 27267 2117
11408 7110 28735 2374 13664 1145
28760 6398 23686 2085 18712 1504
37941 6177 22237 1998 12405 1054
22567 6073 21566 1958 11955 1021
5000 3826 9903 1143 12170 1037
168288 31185 482758 22009 100866 8871
29484 22910 278468 12700 19968 1594
266305 54536 1171718 69532 610468 176623
36725 4923 14968 1527 11223 968
108017 17270 162665 8041 63892 5072
4293 3885 10148 1163 12700 1075
109130 63223 1449875 97379 233979 31435
3920 6252 22707 2028 14700 1219
4140 4102 11067 1237 13185 1110
3869 3972 10511 1193 12580 1067
3637 3710 9434 1104 10780 936
3884 3866 10068 1157 12684 1074
15200 9056 45494 3227 34184 2626
2891 4205 11516 1273 9618 850
3688 4026 10739 1211 11630 998
4057 4120 11144 1243 10800 937
3367 3652 9207 1085 10436 910
3820 3877 10113 1161 12771 1080
14208 80557 2023549 173238 251312 35516
53535 62300 1419894 94114 383692 75561
18413 10227 57691 3789 42177 3239
18177 9116 46080 3255 21190 1680
15245 6667 25522 2193 15146 1251
4219 3972 10510 1193 4254 427
78264 67215 1580111 112352 391823 78517
207383 66512 1557203 109618 487785 117396
706116 107802 2955574 354766 1084323 472822
1730900 145095 4262351 735372 1989557 1177565
778494 111161 3072101 382761 771280 267147
194105 19161 198950 9468 11295 973
4268451 219003 6904845 1895891 3920715 2870605
5767 8998 44916 3200 18452 1486
5540 8682 41922 3055 20458 1628
4450 5712 19335 1819 11270 971
4524 6060 21471 1953 12595 1068
4200 4416 12477 1346 13337 1121
12206 34542 573547 26751 88147 7461
4117 4673 13704 1437 9457 838
5484 4248 11713 1288 3660 375
3881 4373 12279 1331 10550 919
3917 4417 12480 1346 10472 913
4036 4000 10628 1202 4055 410
5674 6242 22640 2024 16421 1342
3657 4471 12733 1365 17821 1441
6000 3776 9700 1126 11861 1014
5988 3547 8801 1050 10627 924
4842 3541 8777 1048 11108 960
3987 3767 9662 1123 4008 406
31124 15723 135294 6970 58126 4560
5351 31106 480502 21902 369689 70598
32859 4273 11833 1296 11316 975
5490 3549 8808 1051 10376 906
12809 3703 9411 1102 9920 872
4071 3938 10368 1181 11920 1019
28203 10685 62894 4019 74952 6113
9332 39065 701478 34143 227032 29879
99989 89001 2309281 220984 859776 322015
113272 98235 2625008 281839 1224378 573657
84680 92610 2432300 243676 1138060 511042
7692 8971 44662 3188 25863 2015
934954 198882 6174456 1531673 3474413 2469422
2293 4266 11792 1294 10867 942
3520 3993 10600 1200 11440 984
3474 3652 9207 1085 10800 937
3239 4022 10722 1210 10156 890
3768 3905 10228 1170 4129 416
4636 13465 99501 5549 31703 2442
3088 4891 14793 1515 11589 995
3851 3959 10454 1188 12118 1033
3764 4127 11177 1246 10842 940
3371 3824 9895 1143 10240 896
4122 3924 10308 1176 12865 1087
5378 6189 22301 2003 24024 1883
4060 4117 11130 1242 9951 874
3995 4815 14407 1488 12153 1036
3442 3592 8970 1065 9160 816
3508 3539 8769 1048 10583 921
4273 4071 10934 1227 12900 1090
5468 6688 25662 2201 20131 1605
4397 4481 12780 1369 9622 850
4803 3954 10436 1187 11254 970
3657 3362 8105 989 9875 869
3322 3364 8112 990 10176 891
4023 3793 9771 1132 11659 1000
5413 6223 22518 2016 16894 1375
101981 166743 5027573 1023127 3326278 2336904
54338 124889 3550026 510057 1064976 459342
43853 125517 3572004 516382 1634163 888454
54197 132910 3831338 594100 1297777 628084
4018 26002 350774 15805 90952 7762
101657 168216 5079942 1044405 2696940 1781122
135174 213017 6679820 1782005 3277644 2293489
87993 162362 4871965 961084 2394877 1520052
71955 164683 4954374 993724 2496441 1607337
82276 174241 5294265 1133521 2561432 1663462
10382 100744 2711189 299959 911732 355551
189703 219021 6895113 1892925 3900341 2853994
187249 148994 4398405 783446 1407333 711051
1954523 199205 6187311 1537599 3004940 2051028
2597229 213999 6718235 1800968 3234961 2254858
2374856 220160 6938686 1915129 3300858 2313696
860787 147942 4361856 770361 1837322 1052324
3275893 263234 8489337 2783870 4039745 2979786
2288 9862 53701 3610 14170 1181
4978 56509 1233985 75304 527880 135681
3646 43552 833366 42709 236725 32064
3424 29431 436678 19760 97678 8508
4266 4048 10831 1219 4114 415
19086 207066 6466538 1674644 2161333 1321581
3362 5669 19076 1803 10017 879
4382 10229 57701 3790 12831 1085
6593 9365 48543 3372 11018 953
3450 10316 58668 3833 11147 963
4113 3872 10091 1159 12615 1069
44400 24948 325568 14700 43083 3311
15051 77684 1927143 158659 442386 98121
94223 130211 3736573 565036 1976219 1166798
63162 130862 3759417 571975 1762406 991483
79016 138771 4037527 659913 1961230 1154382
9452 55841 1212756 73310 45483 3503
70403 271734 8790509 2965806 3068520 2107638
54864 19829 212281 10003 26134 2035
246520 31005 478063 21772 170288 18764
289062 19506 205967 9744 83495 6971
138643 13922 106451 5824 31836 2451
27443 3982 10562 1196 11591 995
539287 51137 1065468 60297 175950 19742
2299 9885 53950 3621 9624 850
3566 3945 10395 1184 3470 358
3190 3726 9500 1110 11224 968
3171 3790 9757 1131 9556 845
3748 3919 10288 1175 3933 399
4095 5530 18267 1750 17036 1385
3473 3643 9172 1082 7983 726
4198 3641 9162 1081 11656 1000
3524 3387 8198 997 10115 887
3664 3365 8117 990 9809 864
3963 3762 9645 1122 12016 1026
9179 5665 19057 1801 17993 1453
38824 128747 3685191 549603 1647327 898948
148467 191858 5922659 1412798 2831474 1898719
73548 166388 5014947 1018031 2633152 1725635
124607 174384 5299406 1135692 2880299 1941579
21269 118688 3333319 449926 1294548 625672
68115 183844 5636506 1282399 2322052 1457816
97255 75969 1869886 150353 391541 78413
154234 81265 2047493 176967 891213 342183
154290 76235 1878818 151626 662119 204297
131842 76155 1876140 151245 716285 234811
10028 4787 14268 1478 13381 1124
353765 119349 3356673 456175 946394 378383
1183346 171984 5214990 1099996 2237026 1385351
2251063 192155 5935820 1418440 3383351 2387482
2737814 217425 6841383 1864301 3470765 2465636
2433269 207129 6471760 1676656 3482385 2476189
852873 132407 3814397 588745 1715250 953276
3908857 298256 9754564 3565289 4657508 3544996
11585 106314 2903434 342693 1190636 549005
17760 84088 2142615 192303 982593 402696
71519 153851 4570184 845904 2833145 1900191
9939 77926 1935239 159854 415053 87271
3860 7112 28741 2374 16272 1331
181817 251537 8063337 2535367 3682995 2657290
28127 136821 3968831 637599 1562426 831632
87713 140083 4083788 675160 1850163 1062944
106617 176453 5373059 1167087 2841171 1907228
76897 144263 4231181 724907 1424660 724364
5302 46595 925108 49271 203740 24973
240906 262671 8464146 2769964 3704837 2677003
74210 161993 4858848 955938 1890722 1096215
201706 174576 5306306 1138606 2466821 1581809
245367 202621 6307603 1596277 3094919 2130992
236876 186167 5719541 1319673 2492805 1604182
50562 105001 2858055 332311 320571 54528
492328 296070 9668332 3511853 4074763 3012538
386398 218704 6883916 1887062 2008905 1193908
190583 62214 1417261 93823 375256 72545
628327 112972 3134827 398345 947909 379358
236215 73562 1789840 139184 451358 101797
22402 6293 22985 2044 12588 1067
2194916 189243 5831705 1370319 2283698 1424719
658076 204073 6359931 1621836 2613529 1708515
1211743 202350 6298824 1591812 3042375 2084299
2065985 242995 7758205 2360928 3399414 2401927
1394832 234398 7448282 2188741 3181834 2207944
254581 172245 5223386 1103667 1738549 972163
3396516 298343 9755403 3566339 4767788 3647020
295169 192349 5940310 1420991 2286878 1427832
658326 188708 5810586 1361014 2651009 1741064
1439955 222180 7009683 1952713 3166823 2194589
742941 212254 6653015 1768266 2789296 1861678
105140 147496 4345413 764661 1121606 499293
1895359 279673 9078544 3141570 4001167 2945259
4988 5395 17494 1700 12793 1082
4443 5920 20596 1899 37858 2904
4819 4490 12822 1372 10882 943
3966 5047 15599 1571 17129 1392
4252 3927 10321 1178 12184 1038
11911 10473 60445 3912 19432 1555
5825 3919 10290 1175 9036 806
4840 3740 9557 1115 3704 379
4422 3431 8360 1012 10156 890
3917 3496 8606 1033 9830 865
4307 3918 10282 1174 12256 1043
54081 14978 122943 6482 65996 5265
5340 4359 12215 1326 10370 905
5451 4173 11377 1262 18845 1514
84766 11309 70415 4343 18818 1512
21816 4895 14817 1516 13480 1131
4114 3906 10234 1171 12174 1037
614408 68347 1617808 116889 621849 182569
117779 180207 5506835 1225054 1379117 689504
1093599 171682 5204140 1095486 2221277 1372029
1121541 216125 6792132 1839378 3173379 2200484
1186951 195936 6069388 1481488 2678840 1765178
241677 157179 4688225 890114 1396225 702542
1540703 281311 9137082 3177854 4473977 3377420
9255 107270 2936497 350368 683728 216309
10199 68388 1618579 117024 537341 140154
7586 82970 2104841 186127 618576 180890
12689 81403 2052018 177689 751078 255165
3846 5216 16508 1634 13572 1138
38676 174085 5288712 1131177 1546902 819421
206776 118661 3332547 449699 771703 267465
38108 15668 134360 6933 279154 42632
598866 144605 4243730 729154 1776928 1003183
35860 11594 73943 4495 269450 40070
11203 4307 11980 1308 15346 1265
1419918 189011 5822253 1366204 2497332 1607874
3811 3466 8492 1023 7660 702
6916 4228 11622 1281 10401 908
3602 3313 7925 973 9906 871
4841 3712 9445 1105 8887 795
3865 3653 9210 1085 11716 1004
10045 8806 43088 3112 11852 1014
2007 3406 8267 1004 16570 1352
3014 3354 8075 987 40356 3097
2885 3807 9825 1137 146677 14965
2940 3096 7158 903 36681 2815
3736 3637 9149 1080 16050 1315
3464 5494 18058 1737 113622 10406
2154 12528 86214 5008 13430 1128
4097 24971 326077 14723 164988 17873
61652 142679 4175293 705839 1207155 561049
3287 16685 151989 7626 33392 2567
3672 5115 15960 1596 11470 986
26114 126947 3622080 530947 1170240 534212
4651 4305 11970 1308 81009 6717
4548 3590 8963 1064 96160 8336
3916 3233 7638 947 101118 8901
3306 3141 7314 917 88510 7499
4100 3808 9832 1137 30538 2355
8269 5550 18383 1758 127241 12180
336950 112238 3109053 391941 756815 258544
439622 103597 2809912 321459 883126 336933
797698 132093 3803292 585325 1180119 541272
481190 107238 2935802 350158 862059 323432
76621 5940 20754 1907 41263 3168
1506988 181721 5562247 1249161 1862653 1072940
3238 4444 12607 1356 112708 10292
4637 4724 13951 1455 146021 14866
65820 7525 31972 2548 305922 50138
4577 4050 10841 1219 136807 13513
5761 3867 10071 1157 120448 11277
75087 103853 2818445 323397 1833364 1049206
495789 158483 4734689 907779 1721676 958515
1699223 211028 6610159 1746329 1373835 685214
2206722 227325 7195476 2051279 2597070 1693923
2074698 224302 7086733 1993285 2633994 1725997
481968 135686 3929277 624869 1347951 665787
3542794 285217 9282509 3267251 3081040 2117863
3304 3289 7840 965 2438 263
4036 3414 8296 1006 10087 885
3372 3149 7344 920 8761 786
3132 2958 6690 859 7934 723
3589 3550 8812 1051 10907 945
3539 4719 13930 1453 16444 1343
5657 6357 23403 2069 8018 729
6830 4036 10781 1215 10199 893
3837 3227 7618 945 9409 834
3926 2999 6830 872 8344 754
3982 3610 9042 1071 11122 961
39054 14608 117001 6247 50045 3874
5356 6401 23696 2087 7829 715
7626 3993 10600 1200 9858 868
3775 3211 7560 940 9132 813
4222 3110 7206 907 8269 748
4221 3683 9329 1095 11065 956
37884 14681 118168 6294 41387 3178
211069 70764 1697082 126891 237516 32243
338549 88854 2304499 220108 518713 131387
791676 111748 3092465 387775 784792 275317
339107 83222 2113632 187528 521499 132679
35928 4432 12563 1352 13480 1131
2610877 197734 6135966 1512735 2026869 1208416
2845 3775 9694 1126 8104 736
3307 3643 9173 1082 3503 361
3252 3205 7540 938 3296 343
2939 3120 7243 911 2770 295
3510 3758 9630 1121 11307 974
10149 12162 81280 4803 13843 1158
9808 4272 11821 1296 9154 815
4175 3444 8408 1016 10417 909
9401 3196 7508 935 9568 846
3283 3159 7378 923 8191 742
3901 3625 9099 1076 11773 1008
13284 5571 18505 1766 4331 433
2959 3130 7276 914 7041 654
3209 3307 7903 971 9711 857
3295 3386 8193 997 8945 799
2939 2976 6751 864 8515 767
3496 3847 9990 1150 11029 954
4860 5141 16100 1606 10989 951
2586 3160 7381 924 7886 719
3566 3286 7829 964 12480 1059
3028 3532 8741 1045 14848 1229
2763 3108 7200 907 8976 802
3448 3874 10100 1160 3488 360
4464 4802 14342 1483 59676 4695
10407 3976 10530 1194 86843 7321
26128 4265 11795 1294 119262 11123
55613 3632 9145 1079 123466 11673
18981 3537 8764 1047 112090 10215
4896 3618 9075 1074 124361 11793
283952 29042 426982 19288 477514 112889
610294 140482 4098286 679906 1058880 455031
1264669 168683 5097667 1051454 1444993 739885
1756541 166907 5035184 1025898 1653323 903469
1523597 177347 5406373 1181148 1503070 784902
316074 55146 1191062 71289 482496 115065
3133112 228889 7253783 2082195 2526635 1632667
3542 3856 10026 1153 148501 15242
10871 5087 15815 1586 201506 24526
157847 143144 4191756 711419 1847681 1060904
9593 3553 8823 1052 106370 9519
4041 6128 21901 1979 86604 7296
631667 150417 4449126 801581 2464200 1579485
155633 92168 2417267 240827 797772 283290
528573 147978 4362800 770746 1461067 752394
824655 296387 9680069 3519269 2359268 1489483
684048 162308 4870567 960447 1522918 800524
146920 136708 3964940 636333 931096 368268
1895717 299298 9786384 3586955 3320684 2331585
6061 4346 12153 1322 6872 641
4087 3870 10083 1158 9212 819
3307 3230 7628 946 8502 766
3035 3125 7257 912 8093 735
3839 3625 9103 1076 10634 925
4859 5343 17206 1681 10404 908
3493 58218 1288473 80563 431022 93537
28957 84728 2164250 195894 922739 362767
9644 62481 1425715 94746 701593 226401
20956 74170 1809873 141943 813424 292935
3726 4245 11698 1287 21881 1730
40040 124440 3534291 505556 1196674 553400
3003 3942 10384 1183 68190 5468
3452 3593 8976 1065 86577 7293
3079 3620 9080 1074 138630 13775
3122 3114 7219 909 84205 7045
3636 3679 9311 1094 16991 1382
6702 6842 26757 2263 109298 9872
201354 65903 1537265 107278 386954 76734
344114 66387 1553227 109140 738563 247753
497711 64933 1505914 103640 779874 272363
386733 68732 1630245 118438 762442 261892
40791 4614 13429 1416 20670 1643
858037 83795 2133539 190736 963363 389655
2202 3026 6919 880 7623 699
2917 3391 8212 999 9971 876
2819 3489 8576 1031 9229 821
2678 3299 7875 969 8338 754
3451 3603 9016 1069 11394 980
5282 11696 75214 4549 16092 1318
2129 3658 9231 1087 119661 11175
3009 3473 8518 1026 118809 11065
2908 3299 7876 969 124789 11850
2767 3048 6993 887 113227 10356
3592 3768 9668 1124 84870 7114
3551 5845 20133 1870 152325 15832
727293 237702 7566300 2254004 1617753 875320
1491083 174234 5295467 1133776 1511064 791147
1980170 197057 6110525 1500829 1710782 949535
1683738 186898 5747145 1331882 1624261 880355
523176 90265 2352714 228810 774638 269202
3149368 299471 9795296 3592078 2382520 1508852
24873 20340 222762 10423 122496 11546
30791 14250 111387 6024 410013 85329
8529 4482 12786 1369 175539 19676
11201 5863 20249 1877 234744 31609
3881 3667 9267 1090 27815 2156
101856 12117 80768 4779 189005 22116
49099 41848 782802 39305 251813 35634
383314 158811 4746214 912212 1528371 804835
497092 131978 3798946 584028 1423847 723682
462752 165831 4995486 1010137 1478103 765616
56122 10185 57255 3769 18378 1481
1248030 162117 4864397 957922 1870061 1079059
2456 41698 778346 39014 574028 158045
7008 46791 931075 49716 736012 246285
53305 140461 4097057 679570 2017542 1201132
4069 28749 419183 18929 678774 213531
3720 4971 15203 1544 196435 23532
133208 210412 6586486 1734702 3099013 2134638
14545 126916 3620988 530628 1004894 417850
69144 189202 5827741 1368970 1615543 873649
85335 222267 7011484 1953930 1955034 1149261
62686 199987 6213224 1550489 1679637 924791
9213 82147 2077090 181666 839142 308975
230272 288942 9410974 3349009 2672971 1760244
2698 3067 7059 894 6733 630
3377 3280 7805 962 9590 848
3228 3161 7383 924 9201 819
2788 2990 6798 869 8501 766
3862 3674 9294 1092 11010 952
3439 4843 14547 1498 11027 954
317112 175861 5352141 1158103 1448955 743060
1184008 188630 5808364 1359895 1849699 1062403
1488253 200443 6230922 1558766 1936285 1133536
1355381 206780 6457582 1669940 1981513 1170997
604462 122301 3459992 484518 1296635 627159
2042499 258535 8317260 2682779 2705815 1788490
15849 16117 142029 7235 171825 19030
9788 8158 37215 2821 227224 29919
21006 22126 260992 11976 732207 244056
7922 9921 54336 3639 328668 57027
3455 3651 9201 1085 97796 8520
104101 157957 4715689 900576 1822025 1039951
313017 127910 3656052 540915 1391692 699066
1117109 179413 5479489 1212935 2315537 1452090
921891 175867 5352936 1158341 2112776 1280605
1162450 194388 6014011 1455343 2349363 1480945
183880 90162 2348884 228140 1093749 479527
803970 221492 6984286 1939487 2449450 1566779
302974 129261 3703439 555030 1393153 700184
2083756 197270 6118338 1504520 2367792 1496506
1722289 202429 6302316 1593387 2297917 1436968
1994493 220926 6965468 1929301 2363146 1492557
330660 118402 3323606 447292 1119436 497720
1222230 252595 8102348 2557699 2885235 1945741
61619 173482 5267255 1122115 2116328 1283719
28720 128462 3675176 546621 683658 216270
39913 143550 4205995 716287 1685135 929196
24144 111374 3078789 384488 1268409 606192
3475 7966 35561 2737 123881 11729
201002 267431 8635557 2872297 3487323 2481137
67082 174084 5288693 1131165 1821045 1039158
53679 150575 4454221 803500 1921538 1121589
47087 150765 4460943 805931 1406782 710647
55321 147647 4350711 766536 1940229 1137017
3633 20298 221886 10389 481786 114769
204924 264681 8536517 2813031 3579478 2563980
162421 44932 874909 45610 430410 93284
2627499 226497 7166592 2035630 2999558 2046064
2127827 209214 6545859 1713806 2599584 1696094
2651628 234628 7458618 2193980 3029427 2072447
428259 68543 1624067 117672 1072142 464304
4110585 354974 11804592 4937751 4089647 3024598
243009 70635 1692854 126344 636931 190615
3265576 228400 7236668 2072882 2629245 1721531
3028880 223326 7053820 1975406 2427744 1547592
3349624 241073 7692214 2323189 2627933 1720331
937955 121168 3420754 473589 1313120 639467
4879660 356069 11852757 4969387 4007684 2948981
49871 16167 142917 7268 185614 21487
9529 6483 24252 2119 167842 18351
30864 8128 36964 2808 262921 38394
6716 6592 24998 2163 265942 39165
3849 3748 9587 1117 65631 5231
1918336 218718 6886162 1887878 2887960 1947958
116212 41050 759384 37777 331572 57937
305926 128669 3682657 548816 1266038 604399
606980 185945 5711904 1316164 1712077 950770
382301 165569 4986085 1006372 1551809 823232
52559 23779 298265 13531 327383 56625
4117953 394574 13237008 5957312 3588319 2570633
2927 3347 8051 984 7364 679
3817 3300 7878 969 11379 979
3259 3176 7436 929 9942 874
2976 3102 7180 905 8528 768
3727 3642 9165 1082 11220 968
4185 6081 21602 1961 110728 10047
13390 10510 60869 3931 108497 9775
123613 44514 862315 44719 613085 177999
127032 20440 224952 10508 558595 150402
82983 14834 120652 6391 352798 64829
5538 4296 11928 1304 49801 3853
468912 74487 1820826 143426 971171 394939
75519 26816 370745 16695 28224 2186
819514 147092 4331783 759761 1162544 528560
1282279 153033 4542393 835454 1267510 605367
922722 141601 4138059 693154 1142809 514351
181702 17184 161175 7981 226174 29684
2706890 248568 7959872 2475192 947084 378388
3899 4926 14969 1528 10170 891
3787 3645 9180 1083 9711 857
3878 4047 10830 1218 9596 848
2963 3086 7123 900 8524 768
3959 3615 9061 1073 11227 968
4955 5488 18024 1735 12041 1028
20781 4900 14844 1518 19887 1588
3449 3412 8290 1006 20115 1604
3563 3247 7689 952 16182 1324
2786 3080 7105 898 14912 1234
3727 3756 9619 1120 11155 963
8412 6689 25671 2202 118208 10987
2090 3854 10019 1153 102028 9007
3160 7011 27991 2333 283907 43918
3036 4094 11033 1235 158498 16810
2646 4025 10736 1211 155749 16370
3762 3828 9912 1144 99952 8766
46797 94215 2487107 254207 1982697 1172173
22853 125080 3556691 511974 990263 407893
133913 214199 6722188 1803636 2637865 1729725
80738 198524 6160883 1525306 2568353 1669454
117842 214174 6721298 1803183 2021013 1204021
12164 73150 1775941 137313 1169448 533635
189787 250472 8025003 2513282 3810000 2772108
27948 125559 3573451 516801 1126773 502984
148048 216995 6822444 1855210 1532690 808257
87417 197882 6137929 1514314 1465398 755812
139827 216944 6820624 1854270 1565054 833697
15103 76118 1874780 151058 763057 262294
217353 247007 7900398 2441938 2078755 1252211
4995 3716 9459 1106 30376 2343
8837 4235 11656 1283 65534 5222
11268 3376 8158 994 58812 4619
5054 3398 8239 1001 52847 4107
4045 3651 9203 1085 11017 953
584566 88427 2290218 217541 1180756 541755
36748 12247 82435 4850 127710 12243
98138 55581 1204614 72549 421082 89607
115137 12895 91399 5217 334967 59011
86856 21093 238693 11064 363670 68511
5945 3956 10441 1187 120714 11312
337433 75029 1838752 145935 772707 268049
246199 136543 3959229 634485 898364 346815
1409498 228355 7231284 2070767 1088417 475599
1836082 233785 7426839 2176858 1128575 503988
1792671 247154 7907334 2445537 1675293 921018
512267 142878 4182696 708292 1002966 416480
2607028 288104 9383817 3331277 1942701 1138539
3170 3412 8288 1006 2439 263
4059 3198 7516 936 9780 862
2867 3048 6996 888 3068 322
3031 2961 6701 860 8121 737
3531 3639 9157 1081 10933 947
4227 4554 13126 1395 10457 912
