499 132 334 35
206 69 92 57
63 54 126 62
187 87 8 137
117 98 72 127
108 85 296 113
149 85 99 95
24 65 181 918
495 228 28 160
18 81 18 84
46 218 61 109
45 7 964 203
111 81 134 106
374 494 101 30
376 264 81 100
253 136 119 82
81 35 26 582
84 45 98 92
197 158 779 42
103 75 744 176
365 29 140 96
164 69 70 223
52 187 149 72
197 105 97 251
38 230 31 77
54 60 333 164
294 165 20 351
173 70 78 949
58 68 562 57
151 142 33 51
54 227 53 27
31 55 55 64
76 381 523 30
264 117 163 15
104 55 150 873
353 118 308 153
1195 123 33 147
306 53 139 42
128 116 40 152
185 113 42 232
33 247 237 233
82 127 134 84
158 56 90 32
51 160 26 148
1879 272 43 211
34 969 16 40
174 58 128 132
1119 90 241 173
128 393 38 117
93 52 335 202
269 58 475 569
87 110 133 116
96 307 19 99
143 43 71 140
225 158 45 73
20 100 214 221
97 47 426 219
15 28 63 65
397 158 115 382
36 108 122 83
140 336 254 51
34 76 272 199
90 61 49 39
18 352 648 137
372 28 273 75
77 110 140 32
119 46 24 18
38 1101 206 151
122 71 45 103
42 59 415 472
52 23 264 76
65 35 83 71
59 289 35 66
149 57 66 217
125 30 544 25
66 124 585 120
601 130 165 19
79 54 84 128
82 215 273 160
53 69 209 186
27 163 245 56
300 87 99 174
33 20 197 38
48 30 44 334
384 330 151 32
232 79 28 409
112 93 85 112
246 21 206 454
90 43 125 31
667 28 71 47
24 175 61 71
284 380 76 74
114 121 24 132
73 109 38 96
688 477 144 11
45 82 74 36
30 225 22 123
104 95 217 31
20 146 128 36
110 170 79 55
19 101 29 62
15 52 35 187
159 80 109 133
201 154 39 137
157 73 123 111
128 143 104 854
66 38 192 47
254 44 86 122
38 510 35 33
74 174 160 86
88 209 116 85
34 35 25 100
111 89 203 516
39 169 317 12
196 108 249 77
253 419 213 113
371 236 106 118
63 26 143 88
404 115 30 30
46 55 87 93
301 81 231 85
52 322 41 49
144 139 175 41
81 133 75 63
404 130 389 50
22 32 67 61
60 75 320 75
114 95 52 51
131 185 226 91
116 148 93 15
32 53 254 71
83 52 533 34
89 578 422 278
78 91 57 298
318 127 53 16
38 85 147 52
96 109 68 109
1158 165 980 79
131 106 542 47
102 63 68 56
19 269 381 307
42 98 58 133
157 267 136 55
155 75 232 67
58 62 55 795
139 24 69 325
176 189 81 44
149 232 101 52
74 201 46 87
165 38 143 91
272 294 105 139
109 149 121 103
31 245 148 118
268 62 92 311
350 215 32 39
153 75 140 96
28 45 55 77
139 81 73 38
75 62 256 74
262 37 26 88
38 73 262 153
83 238 49 211
23 15 130 195
85 96 45 25
207 53 234 96
141 140 83 493
318 183 185 358
124 78 59 189
31 88 244 26
18 90 192 313
293 17 41 383
213 91 73 249
20 48 139 93
210 77 180 141
297 302 110 77
30 47 217 333
144 35 100 74
8 60 104 241
113 396 241 26
58 31 247 85
31 43 70 351
88 66 253 45
600 58 20 270
162 71 86 197
256 53 60 79
41 222 53 82
222 155 37 66
39 34 14 163
116 32 85 31
56 78 38 136
60 66 22 130
97 121 518 316
44 371 95 21
124 88 47 181
26 64 117 63
10 64 103 165
71 16 324 297
113 112 90 91
89 188 47 70
125 117 472 67
26 153 188 52
62 436 129 87
20 240 316 27
475 241 32 110
123 58 191 88
127 10 539 19
28 233 713 218
251 100 78 85
289 21 312 101
33 52 119 113
35 47 61 129
105 709 27 215
118 461 33 17
20 1031 70 58
235 331 342 75
49 55 235 36
32 145 30 60
97 47 139 32
45 242 17 1335
64 89 605 178
98 119 130 59
23 236 125 9
108 338 633 33
154 29 145 47
46 232 118 31
245 44 29 393
226 65 87 61
24 9 263 184
341 48 61 191
200 110 86 18
48 179 93 41
120 108 325 30
284 85 148 95
100 58 80 490
298 89 82 44
61 136 209 43
41 128 160 172
104 25 88 90
75 49 164 59
117 57 123 79
22 84 574 183
49 115 372 207
425 234 19 86
647 73 222 710
167 116 204 270
441 27 164 77
90 54 76 84
425 27 91 253
53 248 34 133
95 14 46 106
78 31 30 30
417 124 74 100
124 97 175 64
272 59 300 122
89 188 204 17
46 286 21 311
131 50 34 42
23 108 88 126
183 107 52 16
235 41 39 33
27 175 93 37
354 61 106 64
470 57 90 245
544 158 112 179
15 93 283 82
594 46 44 14
34 50 246 117
380 547 116 92
92 38 174 62
35 56 579 67
47 255 17 23
58 82 48 163
119 44 58 360
204 48 27 77
240 73 149 117
162 72 4 224
34 61 38 24
1436 819 120 97
364 35 36 486
330 53 208 298
33 80 281 17
139 157 22 41
315 93 55 70
83 30 422 369
575 22 145 306
291 76 219 238
12 171 196 420
107 78 277 24
267 103 224 187
8 44 313 56
302 179 76 91
23 985 24 52
77 137 53 324
109 570 202 177
304 20 73 98
83 136 244 264
115 41 128 404
110 55 155 92
86 84 79 24
51 43 1549 65
58 19 30 154
14 32 806 41
157 85 210 97
26 45 55 332
257 209 35 102
259 33 48 81
99 1867 38 230
114 118 340 46
331 249 78 121
16 167 219 58
44 80 24 23
32 35 395 324
258 73 162 27
248 191 56 236
396 122 92 62
310 292 12 71
387 39 248 51
91 22 812 84
13 673 166 23
37 71 22 131
99 47 466 39
99 30 26 126
61 261 64 42
162 891 85 110
11 172 57 270
176 375 635 478
123 330 110 175
98 54 28 433
98 41 58 70
94 189 109 295
432 43 140 54
179 342 406 179
27 34 224 37
23 109 141 227
237 117 343 99
259 141 107 10
304 87 19 138
52 54 410 28
27 546 175 207
212 75 10 91
92 80 69 144
64 95 30 157
141 207 166 46
17 25 134 21
401 69 243 19
130 153 72 211
265 73 287 28
106 147 105 254
22 32 213 191
101 75 282 145
436 50 35 67
17 27 20 59
48 18 59 122
48 85 42 227
45 15 118 179
53 38 66 217
149 237 373 121
40 317 204 160
90 23 186 15
76 50 18 256
461 56 40 73
152 49 65 19
931 71 165 293
53 53 32 335
25 104 37 256
134 166 144 47
215 115 152 141
88 195 72 42
355 40 88 48
153 212 68 154
109 126 31 93
37 16 108 279
64 155 105 93
94 110 57 77
1067 58 313 590
113 241 88 30
46 46 383 41
36 250 164 36
97 73 45 90
72 84 47 171
105 35 159 166
29 181 47 70
29 59 233 647
203 51 52 1089
74 46 55 12
66 39 334 59
52 149 72 225
35 24 242 187
25 54 157 131
19 74 59 111
27 346 151 286
86 423 103 1220
246 60 84 342
87 43 332 16
151 125 92 514
48 145 128 32
42 110 62 380
253 115 45 310
50 66 170 173
96 95 15 70
117 91 76 30
34 93 84 116
341 75 28 60
11 31 100 136
300 115 42 25
123 83 33 302
107 41 81 230
75 72 130 278
270 172 36 179
138 83 273 190
142 111 53 34
123 83 114 60
105 114 42 749
288 274 80 32
77 147 40 86
89 28 139 78
464 77 550 198
126 143 163 60
101 467 45 107
17 14 88 348
437 53 25 87
296 49 108 34
181 102 313 195
181 73 79 34
220 95 221 44
115 241 61 112
30 92 69 116
146 28 183 58
81 44 65 61
185 50 42 382
41 63 1438 315
295 104 162 69
7 299 3 14
127 313 131 93
61 78 257 57
328 50 281 191
77 400 84 69
63 272 103 73
133 176 132 49
302 16 47 45
655 163 66 85
75 218 84 70
31 67 62 62
142 31 115 26
112 59 62 85
179 86 236 157
23 786 68 504
65 102 63 210
52 115 85 92
32 242 39 218
84 38 11 128
100 143 107 58
78 38 70 459
266 256 64 121
34 1010 317 464
64 67 14 79
423 233 490 391
69 11 252 128
67 65 315 275
540 50 85 35
123 154 23 34
105 241 98 153
79 39 143 53
213 40 34 53
64 80 187 68
139 363 165 20
92 49 152 33
422 445 101 108
105 306 39 147
344 472 404 151
432 14 929 152
71 46 193 92
22 65 151 48
72 13 221 221
44 170 66 36
45 181 89 86
79 299 355 90
31 20 39 112
88 98 53 634
423 45 259 69
44 71 182 382
141 143 32 291
55 516 35 94
137 72 69 91
140 1316 73 139
96 199 137 135
40 162 71 54
546 54 238 31
99 49 240 67
184 20 65 108
212 149 210 185
56 136 117 111
134 104 202 47
316 112 61 388
306 75 535 82
163 37 101 36
28 95 248 148
183 35 34 45
89 116 331 57
38 52 56 222
91 79 49 88
170 33 77 80
226 152 14 177
697 164 113 154
57 310 34 54
64 63 28 182
281 815 51 157
88 170 67 64
40 237 38 98
209 136 119 77
122 12 233 54
18 20 85 258
79 169 146 16
162 28 40 218
107 30 16 264
64 118 370 101
116 606 174 90
139 36 66 177
226 116 165 63
102 76 27 177
96 398 222 27
42 467 135 238
129 13 107 87
55 206 237 55
27 45 348 68
73 58 29 177
78 344 61 58
200 111 27 382
229 195 562 440
36 411 115 322
29 161 13 100
173 176 266 118
94 629 263 34
115 160 113 99
25 203 149 30
78 231 276 78
101 434 87 101
43 239 464 817
183 29 172 26
310 70 123 474
84 128 38 39
60 180 50 517
168 24 228 205
15 30 25 483
132 398 57 57
63 74 45 23
295 111 98 126
74 346 253 414
87 112 222 103
20 202 174 291
24 120 16 3
342 104 154 47
107 19 113 81
261 196 90 60
58 32 68 232
97 22 72 141
82 72 235 69
45 89 149 179
63 72 153 29
94 193 48 37
225 67 105 277
38 243 118 82
119 275 222 42
55 115 147 268
100 77 147 85
145 44 35 48
94 41 506 42
109 20 15 30
194 160 27 52
247 33 170 550
295 240 46 220
74 43 26 137
95 327 106 162
77 149 338 95
182 222 113 99
104 24 180 596
94 288 8 9
269 23 119 50
411 393 118 279
55 429 118 146
130 45 104 10
23 178 110 101
39 54 15 34
183 228 34 436
31 106 111 18
72 313 23 40
95 101 20 95
84 22 172 243
51 134 54 35
61 37 68 43
79 104 150 57
20 229 216 131
120 61 122 43
114 333 32 713
32 90 39 34
62 145 148 72
166 73 186 162
115 160 29 31
30 687 145 14
214 46 166 20
31 123 129 232
333 81 13 173
52 207 151 172
170 242 57 71
66 400 36 65
29 350 209 19
805 65 9 189
429 30 73 320
408 160 330 85
326 16 502 28
94 138 156 83
54 217 54 73
21 52 81 65
181 615 41 40
88 144 473 60
139 499 268 54
141 211 151 38
12 128 495 98
83 150 127 11
433 62 25 17
86 499 223 70
228 30 59 3
228 265 56 36
40 109 47 54
168 465 111 101
242 88 89 58
124 132 170 114
224 37 33 142
160 118 79 116
216 701 38 55
183 45 176 37
132 139 98 111
29 32 130 72
70 62 223 36
94 112 37 50
67 12 160 183
242 421 71 164
116 62 267 297
134 230 117 78
58 94 346 161
58 623 128 122
716 53 70 121
62 36 348 27
374 180 197 57
102 348 77 176
118 102 223 24
136 26 419 124
28 100 140 174
174 57 122 172
429 286 280 181
136 319 227 90
16 57 56 110
55 134 466 213
63 10 52 83
87 48 76 22
118 136 34 84
103 96 45 369
113 398 320 36
71 364 67 85
1126 108 2519 144
312 35 115 69
23 102 132 87
44 29 386 44
186 35 72 63
106 68 33 367
20 80 32 170
41 508 372 58
105 121 214 76
128 33 77 34
140 161 93 111
58 70 175 48
566 268 179 125
55 60 215 669
64 46 282 122
107 61 49 551
174 73 403 165
55 76 161 169
145 33 198 80
72 370 34 342
70 153 97 58
231 12 33 126
33 199 451 757
52 160 141 254
388 55 347 85
106 91 65 89
7 170 43 90
46 136 69 64
181 166 51 623
41 163 464 49
156 276 243 256
764 49 34 517
68 340 47 179
105 125 174 92
194 194 209 76
228 122 23 76
106 17 317 182
103 540 258 24
290 199 160 29
151 51 101 101
46 77 31 42
15 38 33 75
22 126 157 78
118 54 636 97
40 23 355 111
118 353 49 23
155 185 31 51
22 61 113 292
918 124 160 175
183 21 131 48
171 692 186 22
304 72 129 67
72 127 133 42
214 307 144 285
82 165 153 89
177 181 59 83
161 526 19 50
56 27 268 89
241 300 83 469
170 48 99 248
27 346 37 249
191 34 346 122
1269 145 38 107
46 188 170 127
113 245 291 171
64 195 44 57
33 84 32 73
266 225 44 127
94 111 50 33
88 60 98 109
124 253 15 30
479 273 225 191
91 37 16 53
94 32 30 94
187 114 445 19
28 200 641 71
404 529 178 17
124 570 109 96
72 42 45 178
26 113 106 83
59 228 91 122
324 414 354 63
137 88 44 261
116 100 343 50
40 37 15 87
200 20 31 198
21 258 157 1264
171 115 42 44
47 50 143 20
229 23 219 44
167 164 30 161
219 26 148 634
137 82 189 36
43 108 172 29
54 70 169 86
40 203 92 205
51 543 194 52
369 440 26 165
48 391 129 216
477 182 30 99
49 43 213 545
121 272 187 129
39 152 52 100
298 33 55 200
24 146 110 249
69 261 356 83
181 43 31 59
64 77 95 122
129 44 214 77
35 174 127 159
48 102 45 165
232 48 38 72
420 150 66 320
58 73 125 242
108 102 57 35
12 219 40 45
57 80 240 115
94 22 118 90
154 123 459 117
183 104 100 96
33 103 258 20
164 445 70 191
308 109 113 239
52 35 58 79
67 20 46 190
102 83 169 59
101 25 45 56
234 264 38 61
113 89 82 22
23 97 215 179
127 270 98 77
367 81 126 72
72 24 75 71
140 435 39 2080
7 253 374 728
78 125 14 46
31 102 13 27
319 40 155 46
547 19 1532 47
20 18 88 151
47 52 91 47
233 283 495 439
112 106 156 305
60 178 19 151
60 119 111 278
107 22 138 36
117 176 67 31
242 21 90 73
187 86 29 68
767 45 969 593
58 47 117 126
369 294 130 141
62 81 149 84
127 161 63 70
152 336 96 72
49 106 109 139
419 97 40 216
96 30 252 159
169 98 62 165
38 762 37 185
39 16 57 122
34 169 174 66
6 50 511 98
444 334 326 241
129 45 281 118
389 122 91 81
53 188 253 436
335 32 30 2159
97 142 168 56
93 169 17 167
139 131 155 186
186 236 58 22
43 344 152 46
73 85 90 936
75 124 394 30
98 59 172 194
102 60 133 24
73 174 130 65
85 29 718 433
518 78 70 35
592 1513 29 14
57 86 44 193
393 78 89 73
127 103 44 79
240 103 163 102
492 41 537 120
60 240 449 439
99 91 100 99
104 513 162 56
185 35 774 107
69 48 70 67
84 60 160 65
134 22 454 236
59 90 112 204
36 160 225 40
765 382 32 373
190 165 16 182
140 34 270 104
43 119 67 428
181 8 78 55
68 75 119 75
155 41 82 188
17 87 380 38
26 84 35 181
223 60 131 84
130 274 156 36
31 56 103 49
156 93 141 40
42 60 207 45
69 77 199 465
41 193 191 198
70 59 129 35
73 18 486 120
115 83 44 157
479 35 378 129
89 33 111 347
290 75 116 93
149 73 226 21
26 91 174 83
55 32 129 642
147 151 35 515
154 681 33 30
41 82 447 70
113 168 85 50
62 86 172 142
84 139 340 43
335 100 77 113
102 121 154 49
21 211 67 51
535 84 52 179
18 58 372 35
83 78 31 236
96 47 169 284
250 229 28 76
99 42 67 29
267 85 16 167
226 38 74 440
303 70 89 39
181 100 169 83
381 96 86 131
107 128 16 37
65 82 90 422
178 196 93 33
37 124 28 106
90 16 202 87
38 92 188 199
597 110 24 182
81 184 563 331
132 121 55 159
290 43 186 80
201 295 136 67
15 28 312 263
77 247 73 36
259 11 372 292
203 70 177 114
627 118 195 416
286 39 99 26
97 37 25 93
44 50 62 108
66 26 162 282
30 282 33 183
13 106 83 73
20 142 24 183
368 336 351 173
235 39 67 132
154 103 157 123
118 29 720 56
569 82 39 78
34 61 20 461
236 95 91 55
315 149 133 122
261 69 71 173
146 183 45 77
84 75 219 153
125 99 151 35
81 79 232 15
96 132 111 169
164 179 30 39
56 54 41 64
72 122 519 261
21 209 199 179
210 366 538 444
45 18 194 35
39 123 109 122
48 156 211 184
314 38 32 609
285 61 34 177
983 112 487 120
131 242 230 16
93 104 102 337
120 102 98 45
48 29 252 205
93 39 70 106
337 222 62 47
116 66 180 286
74 147 325 118
88 180 54 47
90 121 63 61
64 89 16 269
45 108 36 638
29 78 171 281
135 279 21 151
77 125 218 916
51 140 94 123
99 74 215 410
191 295 57 780
145 70 306 62
124 165 92 188
65 43 457 105
8 393 96 125
329 68 322 70
106 95 162 257
43 82 150 24
51 156 57 138
209 36 147 844
90 108 92 331
52 16 162 171
132 109 36 33
87 47 19 216
23 97 26 50
34 42 129 109
40 15 44 65
92 269 111 185
370 113 107 235
21 469 78 186
133 124 87 80
161 307 84 304
28 1379 37 70
54 156 23 58
57 17 45 56
122 40 15 257
220 356 187 130
52 34 595 60
321 32 138 70
63 127 99 51
225 116 499 208
125 33 47 100
74 215 72 115
96 178 204 67
34 219 95 115
110 58 22 1118
