323 118 80 36
277 140 146 98
42 68 67 16
248 45 149 24
236 241 422 609
51 59 266 273
147 339 97 236
267 132 169 99
97 196 159 83
140 619 177 165
97 91 27 170
76 155 136 110
317 21 91 96
142 620 45 72
94 200 140 127
246 84 12 55
40 385 289 264
14 49 77 279
111 409 44 296
355 155 52 193
14 59 23 262
121 232 167 368
27 121 135 122
221 490 122 19
152 33 273 235
18 106 57 14
68 283 149 42
48 218 247 192
87 35 173 205
294 95 133 27
97 103 84 61
101 283 88 170
31 118 124 152
280 348 30 75
103 76 71 391
86 323 165 111
60 73 47 125
75 116 21 9
49 47 302 160
526 15 57 35
40 41 119 219
482 166 123 104
34 133 196 20
202 78 76 140
56 180 183 35
129 702 245 143
143 230 81 57
135 65 63 16
60 105 117 57
269 75 54 55
238 40 91 66
86 138 31 28
48 62 52 153
274 144 9 144
93 131 233 209
568 19 110 154
337 211 220 533
49 38 549 51
238 94 87 82
250 88 325 57
50 13 97 116
183 77 55 70
99 113 103 303
179 70 300 65
156 54 124 91
128 36 15 56
83 94 83 192
127 47 50 61
441 69 47 392
145 57 82 67
226 706 39 128
266 147 503 110
38 40 123 196
441 77 76 50
65 260 53 83
33 38 472 107
70 38 107 240
186 64 155 157
70 324 148 155
87 56 96 316
178 38 75 84
102 228 64 196
118 129 119 59
69 109 81 29
59 343 264 237
58 114 305 60
30 95 140 19
22 71 52 27
284 116 52 27
138 98 38 297
356 545 466 168
781 478 40 22
41 258 98 202
179 70 58 108
111 90 58 146
22 13 71 1004
47 67 74 53
233 49 353 100
24 32 54 286
53 88 105 217
370 378 76 103
196 231 48 51
110 56 128 17
75 42 82 257
108 266 25 77
20 43 126 99
29 141 457 683
30 134 430 73
149 120 129 35
113 54 139 174
41 710 269 157
72 183 99 41
108 220 69 91
272 134 129 47
205 140 12 79
102 203 62 28
58 183 49 177
71 91 25 6
606 359 487 40
96 28 33 334
117 49 20 122
86 133 136 125
25 34 142 211
47 67 47 64
1001 23 93 45
66 65 53 37
85 30 69 70
101 29 19 602
243 120 55 282
127 120 428 93
292 161 210 26
31 67 138 13
181 39 183 41
89 127 151 94
116 458 293 343
175 14 99 105
103 131 128 812
52 30 54 54
138 267 35 134
48 55 123 338
36 142 129 55
407 146 40 51
195 151 251 29
183 531 59 66
509 44 123 82
153 131 542 158
45 74 58 33
23 70 37 594
39 34 97 55
317 79 104 216
135 110 131 829
262 50 271 301
85 38 580 56
10 22 72 241
155 252 68 184
93 125 101 98
84 173 71 170
320 69 214 122
29 97 61 12
48 185 29 126
47 71 205 112
94 827 186 14
26 111 27 67
41 330 45 24
194 913 119 126
186 22 105 76
209 62 302 49
21 84 89 82
94 52 285 34
221 195 64 65
33 106 47 124
294 111 163 62
97 26 50 116
157 1563 60 64
234 75 201 1178
251 124 31 64
34 81 36 374
281 99 55 693
22 253 73 39
205 44 72 251
41 126 57 8
175 142 130 758
469 46 71 80
155 19 143 55
204 48 29 317
193 60 64 167
175 51 219 30
23 85 29 47
72 251 368 152
385 51 145 512
50 125 43 46
85 105 187 31
22 89 59 80
119 138 109 174
107 35 186 125
271 16 284 157
35 368 265 304
109 126 28 65
99 167 134 425
118 22 32 63
180 64 358 113
923 237 13 264
68 134 132 137
15 85 87 76
277 58 1358 158
94 100 98 49
360 203 24 31
81 122 13 54
33 114 215 555
109 18 63 53
209 98 99 223
27 30 67 700
314 47 15 45
52 260 43 193
1278 63 37 230
29 126 628 569
195 170 28 46
15 36 427 136
103 68 61 77
20 133 106 137
38 192 136 47
62 275 377 37
177 106 340 108
202 244 20 84
54 145 43 42
171 642 40 165
339 56 165 325
48 284 148 84
107 222 212 225
322 48 170 59
332 177 48 122
942 320 104 109
198 85 43 60
90 26 253 168
29 40 178 112
681 91 38 144
128 135 254 33
340 28 61 60
63 374 243 57
261 303 38 53
65 302 36 117
54 305 11 213
219 248 57 226
52 67 322 353
44 102 117 24
100 255 54 91
263 174 74 55
160 174 386 23
74 107 90 68
77 95 61 91
94 55 16 18
23 65 316 68
44 214 37 686
121 122 64 34
75 108 108 209
74 218 126 40
46 176 704 316
32 84 188 176
15 106 129 44
169 141 176 71
125 177 108 56
46 51 163 76
209 356 346 174
164 63 19 45
56 56 112 230
92 64 48 261
112 134 14 56
59 55 144 229
394 147 170 45
119 198 71 124
37 305 70 156
168 357 111 14
26 116 105 27
93 91 35 58
85 195 220 17
39 236 79 137
325 187 85 131
41 152 83 82
392 24 146 106
137 78 110 39
38 939 328 322
200 27 146 184
11 73 71 72
25 29 127 117
60 26 86 341
40 218 209 129
52 63 21 22
226 94 361 78
43 356 172 149
82 114 177 40
228 78 201 397
163 157 43 62
60 77 415 83
116 495 55 333
23 246 43 144
59 109 129 164
68 30 186 116
40 142 64 47
52 73 76 19
93 222 36 85
41 54 35 98
205 38 161 193
45 159 126 194
320 43 186 80
135 64 140 192
32 67 11 116
127 129 156 17
119 67 54 77
292 22 6 154
25 317 311 269
797 101 30 107
237 59 38 125
87 55 42 488
219 155 231 654
67 98 49 27
191 488 62 78
237 150 133 91
74 239 170 25
167 57 57 367
97 86 337 259
251 327 59 124
30 227 124 41
222 64 111 64
50 222 75 83
252 77 772 79
93 1435 114 36
43 111 128 83
82 155 42 124
469 147 288 95
236 138 31 58
605 96 200 91
33 131 298 66
668 47 144 92
33 31 69 143
93 128 200 88
252 369 38 149
71 29 45 95
98 259 199 49
155 258 115 529
76 88 147 47
89 467 73 1020
168 362 197 39
111 420 179 9
94 85 21 595
201 66 17 23
91 1035 463 368
85 236 15 266
11 203 31 223
142 24 568 472
113 94 472 47
14 83 212 45
135 157 24 113
116 420 181 67
123 21 310 40
103 176 100 89
75 88 117 100
330 41 34 163
39 193 157 35
33 16 32 603
96 70 150 109
106 8 179 720
138 171 131 166
1525 44 276 50
553 71 30 43
54 39 84 233
27 47 93 178
146 130 130 105
64 50 61 782
361 25 45 86
74 195 683 24
67 294 62 235
16 63 25 2037
365 161 264 135
69 46 668 54
82 98 94 12
76 134 92 27
188 31 64 52
97 80 241 376
60 23 228 81
58 94 162 121
23 47 102 109
1003 72 112 70
247 147 56 110
59 122 25 31
47 49 84 207
42 176 426 46
55 62 94 32
33 224 30 328
63 203 67 192
34 376 47 1100
43 134 118 53
46 196 169 51
90 240 52 40
1286 96 108 272
248 225 568 170
55 34 74 82
160 95 31 227
18 36 91 24
204 132 127 21
53 54 78 164
179 244 14 229
37 40 283 80
88 39 158 242
204 53 45 104
230 260 407 34
131 74 70 136
112 35 17 75
110 75 64 29
49 158 22 442
97 8 69 85
35 313 134 405
158 362 293 418
40 54 128 172
22 404 52 114
58 72 67 92
65 200 71 75
209 118 125 56
112 52 51 54
239 57 59 30
14 372 122 29
73 77 210 438
109 264 558 142
126 98 101 165
36 187 136 63
101 131 43 128
666 61 23 154
193 101 166 56
285 21 61 156
34 90 59 493
105 46 40 84
129 82 131 84
308 73 143 415
523 199 157 133
157 16 54 120
123 32 101 201
141 31 48 41
15 127 193 260
43 68 37 524
148 187 273 199
98 95 141 180
86 32 241 125
40 30 172 248
101 240 40 49
427 185 19 62
116 445 70 1317
552 128 6 183
4 29 37 59
51 90 26 154
140 126 177 189
208 381 101 63
100 181 58 174
321 32 357 30
303 279 97 19
66 325 72 179
358 69 22 48
73 440 131 56
21 140 166 124
55 82 192 38
18 30 753 71
87 274 889 168
79 85 106 25
295 112 180 167
33 30 39 90
511 475 74 15
408 395 333 44
64 90 94 40
309 96 297 82
98 54 33 71
247 112 83 17
338 875 289 8
113 59 350 159
26 113 36 116
48 95 848 87
259 47 101 75
38 43 62 155
360 242 73 823
54 105 63 114
139 70 230 176
62 65 447 90
221 139 127 280
54 51 30 219
278 83 25 35
20 278 265 31
61 32 27 221
261 23 115 47
44 80 52 232
225 31 19 347
54 184 25 194
40 187 45 209
118 121 99 288
193 429 46 251
167 1964 84 30
67 45 64 60
17 66 79 47
70 300 60 221
41 322 222 209
182 49 250 123
42 33 118 121
13 37 69 133
69 47 81 111
73 206 51 84
217 13 94 31
180 173 94 23
201 25 602 35
177 64 85 75
59 121 12 108
89 48 53 95
86 89 39 93
92 51 100 179
39 39 88 255
39 440 55 88
93 74 20 51
269 31 245 161
67 795 33 23
123 162 29 99
17 91 68 242
171 64 114 154
470 37 25 306
94 63 142 36
114 14 175 154
960 50 22 195
274 235 98 227
52 189 50 143
70 86 42 200
128 34 57 141
71 246 232 36
66 81 153 72
278 517 380 31
139 160 224 37
95 83 130 266
62 16 67 48
277 58 20 166
258 112 23 195
13 301 117 468
124 26 432 24
275 168 227 35
11 259 80 282
225 154 179 57
318 36 77 33
46 66 35 36
261 45 167 116
242 159 117 59
77 125 54 11
38 90 48 78
56 68 173 105
67 180 119 83
14 102 105 643
41 98 98 77
35 26 150 222
190 161 697 38
103 244 76 145
55 262 81 161
14 57 31 332
88 192 63 298
64 301 55 52
139 97 142 22
71 63 274 86
103 55 94 54
57 32 158 278
62 14 118 49
185 68 93 24
166 39 103 110
57 200 73 113
101 240 14 173
172 24 65 62
157 172 75 162
127 463 63 131
71 50 16 48
41 29 15 28
144 90 25 215
94 92 25 77
143 59 95 20
303 74 64 711
55 112 182 18
173 323 101 191
1209 288 25 115
145 6 33 24
317 214 91 55
30 46 111 407
1052 45 119 90
44 327 64 44
139 23 35 95
247 49 8 230
100 43 89 75
41 370 599 242
102 80 95 420
27 89 185 415
341 22 591 161
39 156 45 287
308 103 65 91
51 107 112 313
85 265 41 12
126 16 133 22
23 173 56 53
453 332 124 154
271 442 127 20
162 86 132 325
143 120 115 176
39 527 61 38
57 72 88 430
141 390 25 91
64 66 47 122
40 18 110 89
90 60 82 58
514 36 90 91
68 62 232 118
84 50 44 147
485 49 92 43
71 42 212 395
37 78 28 56
575 41 86 133
98 92 69 31
18 66 85 75
46 106 24 81
14 81 79 54
53 90 323 30
177 213 10 309
538 44 97 48
166 207 156 60
120 91 44 92
111 294 42 25
235 72 159 99
56 607 182 8
115 113 29 177
197 130 199 54
25 155 63 87
347 36 26 48
120 150 53 360
49 26 71 20
77 120 118 16
268 7 63 214
222 120 41 365
140 12 182 72
217 640 8 120
60 20 194 81
33 42 59 244
344 145 38 80
128 74 182 131
99 24 26 234
47 29 64 32
51 29 31 51
128 147 26 676
294 146 370 154
180 169 306 226
250 90 42 377
96 29 55 388
70 205 673 39
221 107 133 137
52 87 134 39
179 72 70 164
213 50 151 158
81 165 49 124
444 286 165 54
219 36 75 295
20 70 130 113
188 409 53 188
221 205 89 32
242 241 34 37
25 112 106 270
648 432 416 44
137 169 225 73
431 59 164 28
167 184 61 47
33 41 119 59
193 103 160 170
142 135 326 283
28 101 667 46
185 67 300 43
47 234 186 109
193 25 68 247
48 212 262 391
945 52 418 67
348 154 36 651
201 16 299 85
113 224 102 94
171 300 47 186
55 68 97 54
531 124 81 67
311 47 57 100
80 290 52 212
184 35 205 186
40 63 37 1130
38 19 75 102
112 8 51 105
89 193 164 138
23 225 189 90
306 303 128 269
177 554 122 366
1215 69 322 155
131 142 110 302
160 88 603 116
66 19 88 125
37 193 73 6
55 371 85 220
288 221 50 94
405 120 24 87
533 254 73 48
241 169 112 20
37 22 98 197
47 122 155 32
176 243 87 92
151 264 51 69
193 74 141 160
225 87 506 125
161 215 47 292
81 87 35 261
369 18 56 123
144 101 265 38
20 567 222 112
30 219 276 144
43 71 55 46
686 33 158 62
42 252 60 74
80 84 20 24
50 25 35 108
392 206 91 21
97 57 399 199
318 382 331 400
46 329 78 51
14 153 59 36
142 34 59 86
141 69 147 371
94 806 35 122
161 335 191 59
152 28 60 23
87 213 20 207
231 78 357 130
88 62 77 92
153 42 232 224
44 404 127 167
181 438 56 152
112 35 114 69
291 33 52 160
135 505 24 105
86 89 104 118
291 36 165 147
143 92 38 431
64 544 153 186
244 610 231 38
106 220 233 91
33 32 45 125
169 23 566 83
34 97 88 50
809 176 287 242
38 337 162 97
125 23 200 102
127 144 134 30
68 62 57 34
47 37 389 36
80 34 244 99
143 154 94 136
166 49 67 99
82 67 67 296
159 68 62 221
29 356 184 174
51 8 304 134
99 251 100 105
56 158 163 106
266 638 394 22
31 25 95 247
62 110 39 208
43 324 1139 294
182 236 28 267
145 90 197 73
36 13 200 189
135 81 74 193
306 344 67 57
17 156 68 40
112 52 68 147
24 52 219 149
34 103 134 19
129 36 53 221
195 64 625 106
53 61 48 158
40 53 156 73
170 136 79 173
169 80 66 69
145 386 73 95
44 70 508 115
112 71 219 552
37 58 142 199
237 142 229 128
197 191 14 172
59 56 121 21
52 44 47 30
41 133 375 190
128 74 44 65
19 167 76 70
44 30 276 297
125 32 59 29
404 186 128 42
58 203 380 207
144 259 37 40
253 93 292 57
121 64 33 181
91 49 15 83
38 16 73 184
269 23 54 321
118 126 113 119
535 418 97 78
139 144 32 184
29 256 202 248
161 45 35 259
123 238 171 81
84 80 109 66
403 52 128 65
75 237 640 133
33 355 50 97
100 43 130 121
9 60 18 27
141 284 172 32
434 188 55 76
483 469 210 261
166 57 93 218
49 122 34 380
17 85 35 187
137 24 173 27
140 105 239 187
76 160 86 31
96 198 182 131
130 224 170 289
264 146 50 1641
9 76 118 115
25 58 140 86
110 469 583 80
55 15 258 42
114 364 48 171
218 191 38 123
193 235 42 74
23 47 191 144
25 62 20 14
38 24 39 201
59 279 111 380
108 305 262 30
744 466 170 136
135 23 56 97
104 357 193 62
117 126 493 70
93 51 168 86
132 89 74 50
158 188 104 29
59 36 421 160
105 122 375 76
178 69 54 75
69 33 402 44
149 327 55 405
347 337 183 131
21 76 118 47
191 113 111 95
294 66 14 151
338 950 93 37
39 200 42 58
125 23 24 42
28 113 285 76
173 321 328 56
15 121 40 169
80 168 9 225
112 223 380 36
71 377 458 75
293 80 77 875
248 110 39 50
256 51 82 109
28 324 475 77
144 242 34 87
56 64 168 116
97 36 784 92
178 252 28 103
40 498 75 399
106 304 102 19
75 192 95 53
19 70 144 43
82 153 12 138
41 100 148 173
1037 41 233 23
50 244 14 15
211 64 75 103
562 300 46 184
186 70 12 139
216 538 17 12
166 249 67 33
59 51 62 21
37 71 96 191
673 774 42 141
696 28 72 182
98 69 83 32
28 158 371 83
172 75 156 67
93 84 50 192
129 118 31 92
111 34 246 72
99 349 173 304
22 13 135 55
206 40 145 139
208 147 194 40
491 69 23 116
1523 103 224 90
171 89 296 34
201 144 171 76
65 38 141 13
40 28 324 22
37 114 400 354
42 674 156 266
217 254 724 99
212 104 176 144
112 1428 156 307
28 97 77 75
126 226 164 453
47 96 12 16
83 56 211 153
70 49 62 157
830 71 41 474
302 40 31 26
101 236 39 162
56 45 28 167
234 79 51 198
47 35 146 29
116 87 173 217
60 15 134 76
44 108 55 97
58 389 774 264
128 45 49 84
82 539 331 4
98 61 166 102
82 110 313 160
11 149 36 181
59 92 166 160
753 89 32 248
59 88 16 241
17 231 28 20
68 37 564 157
37 506 25 115
80 202 204 184
89 217 143 312
338 51 16 65
155 170 14 605
31 111 179 115
312 88 92 28
134 39 81 175
70 46 69 47
216 212 293 37
85 51 194 89
285 376 38 225
218 51 479 21
117 13 33 217
369 279 115 73
68 183 129 200
113 20 93 1103
77 22 241 194
325 53 100 74
141 338 25 135
349 53 23 111
11 50 40 341
23 104 150 249
38 23 766 45
124 118 231 182
209 139 555 64
344 18 148 34
27 80 276 80
228 191 165 39
159 318 114 91
549 177 124 96
147 259 87 156
67 21 530 370
62 546 37 74
55 279 268 251
165 119 60 141
108 106 626 12
35 48 381 50
29 83 110 66
345 66 113 195
219 79 126 44
106 203 146 173
276 148 82 312
134 56 72 206
162 254 36 85
23 632 203 33
210 23 478 34
20 441 240 47
65 166 60 114
47 56 43 29
867 32 57 71
72 126 118 67
89 16 59 144
208 136 108 135
250 102 18 144
22 83 51 85
150 192 80 31
57 105 41 38
199 153 82 72
90 494 57 27
82 119 56 58
86 335 53 211
35 90 469 1372
70 259 91 90
46 102 517 28
292 106 112 60
166 26 76 71
213 43 248 21
177 311 78 189
61 35 212 89
