330 109 113 42
258 123 178 41
49 73 89 11
62 44 254 24
240 169 414 520
42 57 236 189
215 201 73 164
283 90 174 88
43 242 156 122
156 660 131 147
105 98 30 145
92 161 154 98
240 31 100 83
148 524 46 64
73 180 144 105
295 112 6 36
39 498 255 175
12 53 61 229
98 462 56 227
359 144 53 188
10 68 22 285
136 232 143 300
23 105 124 147
202 494 136 19
197 26 286 234
27 96 55 14
59 446 131 28
60 210 178 204
54 52 200 241
209 58 182 23
84 148 59 71
124 260 93 169
33 124 108 98
228 326 37 48
124 88 39 320
87 462 174 60
47 86 40 118
59 155 21 8
55 68 341 138
538 17 68 23
35 41 110 173
523 210 130 105
33 83 192 13
165 67 88 128
78 219 165 27
129 424 296 149
131 131 73 36
92 87 39 18
49 101 51 41
269 132 35 42
156 58 86 48
106 150 34 25
54 92 43 138
282 124 6 55
64 223 264 195
488 15 99 119
330 286 183 344
46 38 464 15
208 88 91 72
198 68 258 40
40 7 95 125
223 74 65 75
80 107 81 293
298 74 273 69
128 70 143 61
77 46 21 53
92 98 98 173
100 41 39 40
432 69 23 386
147 49 72 53
163 762 49 82
203 123 337 101
49 33 99 230
440 90 68 26
55 242 57 71
28 27 493 120
98 47 56 243
183 68 192 161
96 167 139 77
78 48 117 386
151 31 75 77
79 218 59 94
65 217 162 55
62 173 46 21
60 445 226 168
66 108 291 37
14 128 153 10
27 59 47 27
269 53 43 25
231 55 8 185
324 545 420 213
693 618 26 18
22 306 102 204
183 64 66 64
112 94 58 128
19 14 56 906
37 88 43 60
260 31 266 93
6 33 51 170
35 76 128 252
398 318 64 84
164 253 48 43
157 47 87 2
63 42 78 119
133 243 37 65
26 49 134 108
25 96 404 905
33 7 534 44
155 82 127 29
156 63 163 197
29 583 301 63
61 279 112 33
159 201 41 79
348 135 95 41
213 138 13 75
120 214 81 16
72 209 37 226
37 89 24 4
755 405 379 25
61 30 42 283
68 44 34 99
60 152 161 80
29 39 144 216
50 30 46 41
743 8 68 17
48 86 44 30
84 13 76 40
65 25 14 626
245 148 44 239
127 97 436 68
252 79 188 18
21 64 126 5
196 37 139 34
80 116 172 99
141 506 251 453
174 21 82 57
60 112 96 980
45 28 65 41
104 253 34 131
46 61 124 126
45 157 129 23
391 88 47 47
175 184 255 25
177 348 66 67
469 49 195 39
109 107 620 119
34 67 60 25
22 55 40 451
42 36 102 36
339 74 107 201
106 123 121 756
291 43 304 423
87 54 612 59
8 19 93 200
88 300 59 138
48 169 124 77
97 274 84 124
260 33 187 180
19 107 53 5
55 32 23 105
26 77 210 98
65 677 227 10
24 47 20 64
47 389 56 38
140 958 142 106
161 16 102 58
210 53 372 34
13 96 103 86
98 91 229 33
147 148 49 55
28 138 37 105
329 126 185 74
143 14 38 100
167 1692 52 75
257 84 179 944
164 124 38 70
27 76 28 370
292 102 57 903
27 274 64 39
117 50 74 293
48 125 39 7
139 114 114 511
354 59 76 63
168 18 145 32
284 68 37 193
306 71 23 188
183 41 235 19
23 84 35 28
72 229 287 84
329 64 118 562
44 68 46 29
113 135 155 19
29 101 54 72
152 138 94 142
81 49 268 151
242 26 266 82
32 499 305 281
98 139 34 38
84 126 123 347
104 20 44 37
215 69 431 107
859 221 12 154
68 143 109 82
17 119 72 102
114 82 1486 150
91 51 108 16
341 131 26 26
78 144 18 41
31 72 251 490
108 22 72 46
135 89 99 249
28 40 65 775
379 35 12 42
24 253 23 244
1421 26 35 202
30 150 698 354
193 230 20 66
12 38 409 102
139 58 53 79
12 121 122 115
16 269 119 37
64 299 390 36
220 127 284 81
165 377 22 97
45 114 52 35
114 869 58 136
418 60 94 264
68 274 141 66
129 259 172 171
310 48 218 26
237 159 67 139
1074 385 111 93
180 97 38 43
99 27 198 154
31 21 160 38
817 111 56 107
99 100 255 42
274 31 73 54
52 501 247 40
207 360 29 36
57 244 38 86
55 287 10 139
192 70 66 119
53 74 237 401
60 76 131 10
98 254 52 100
211 179 67 46
137 238 456 17
65 119 107 66
69 74 51 87
94 69 18 9
23 113 307 20
55 293 39 794
119 128 53 34
32 98 96 260
98 261 79 24
34 158 580 148
23 75 154 171
24 155 90 53
112 135 206 63
86 155 143 60
50 70 213 78
157 171 334 206
112 32 15 23
73 64 124 195
84 55 58 185
86 112 17 41
69 53 158 134
403 166 216 26
103 113 70 115
24 210 115 62
138 447 147 10
27 107 84 22
78 134 34 33
66 199 202 11
31 187 67 85
223 101 104 112
47 142 96 62
413 31 155 52
99 83 133 27
31 345 425 140
113 37 131 233
17 95 73 47
10 32 116 68
64 29 87 345
36 222 195 207
45 70 15 22
205 111 290 28
40 241 157 139
48 122 118 28
137 93 163 416
68 216 39 60
37 53 488 39
88 535 54 316
23 293 45 75
64 142 150 121
27 27 239 120
35 223 66 27
53 78 68 18
75 287 33 71
29 34 25 67
236 44 125 123
26 156 129 276
242 45 235 82
121 80 174 169
23 67 10 115
42 190 144 12
113 46 58 51
326 23 9 121
17 253 290 191
719 103 29 39
240 60 42 108
70 30 37 579
258 115 197 325
80 105 36 21
115 512 50 53
220 257 164 71
95 239 223 22
169 47 61 375
98 64 312 267
134 281 60 161
36 117 125 47
276 77 111 81
49 185 63 28
275 85 897 45
120 1556 98 15
51 144 124 50
95 92 43 127
512 135 394 70
240 152 36 54
482 56 188 98
10 198 318 53
603 50 192 62
26 37 43 126
97 108 151 66
296 276 52 192
40 34 36 96
108 199 168 17
142 198 123 533
76 111 149 57
87 538 68 1192
243 247 190 29
119 477 140 12
79 107 18 768
203 47 11 12
123 1323 640 184
71 292 17 292
11 268 32 145
131 16 429 487
122 103 492 45
29 103 175 34
146 126 26 65
108 513 221 56
149 20 261 38
94 237 68 76
88 62 106 65
287 41 22 193
51 134 126 24
18 20 37 402
130 95 117 110
133 4 153 571
135 199 98 97
1546 49 216 43
436 47 42 35
61 47 85 216
23 56 82 158
158 66 186 118
69 39 40 790
223 29 34 61
66 171 662 8
79 242 49 223
7 51 25 2556
204 205 230 87
78 52 793 39
64 84 87 11
85 148 94 24
218 46 41 30
100 100 255 286
63 26 145 90
34 87 141 150
32 49 102 48
783 66 162 71
301 88 51 102
55 119 18 14
29 67 78 191
38 80 549 26
54 75 116 25
32 262 31 281
64 237 69 125
36 310 40 703
30 177 110 77
27 148 162 31
96 180 51 24
1509 102 101 283
139 299 727 222
51 55 96 48
96 90 37 211
21 54 92 14
117 148 136 20
46 58 77 184
181 350 10 296
29 67 307 84
85 22 91 207
63 70 86 129
202 346 316 32
59 34 100 141
145 39 16 64
111 63 36 15
43 88 31 380
66 7 79 101
28 348 109 494
70 419 328 375
44 47 132 158
16 470 45 84
45 104 58 50
63 270 70 99
167 67 150 47
105 52 50 36
177 19 57 29
14 283 126 9
54 68 233 361
98 298 698 98
139 81 69 148
32 243 168 69
129 125 70 114
582 89 22 101
196 78 161 39
369 30 46 47
41 59 55 783
93 54 45 60
107 95 102 77
327 85 168 405
534 80 198 53
138 14 48 131
97 29 99 212
101 16 65 34
13 99 239 248
32 78 39 570
167 244 219 132
109 69 119 105
92 42 298 89
45 46 178 203
74 248 44 26
370 216 29 42
131 281 76 1369
546 122 9 143
4 35 46 59
45 108 29 97
108 109 149 127
239 449 103 45
113 111 87 171
246 26 282 10
316 323 66 8
74 343 62 62
429 93 12 46
71 613 142 34
13 166 205 62
59 70 180 51
22 30 805 84
104 340 958 182
72 120 97 18
222 135 181 165
36 28 47 48
447 648 73 9
426 400 430 26
61 92 79 42
230 67 329 114
86 40 24 72
316 96 68 7
334 603 424 4
120 40 293 168
24 140 47 40
35 150 818 28
230 53 74 73
41 46 74 180
411 332 60 363
48 123 53 107
193 89 155 215
49 61 422 51
230 149 110 377
52 69 43 253
302 57 16 20
7 160 246 32
87 26 28 143
260 20 86 39
26 96 35 265
176 23 26 458
66 219 40 133
33 186 35 222
106 102 116 231
138 686 46 219
155 2697 96 27
41 41 63 59
11 85 80 51
70 105 79 148
39 383 118 33
217 22 267 74
52 18 107 64
22 36 57 98
78 31 73 82
75 263 85 103
163 10 87 24
200 120 87 15
95 30 332 25
217 58 61 107
43 114 15 138
35 27 72 61
104 86 32 60
97 60 92 153
44 43 79 170
44 456 32 93
64 73 30 32
281 27 265 196
65 744 30 15
128 184 46 57
26 161 55 169
124 77 116 122
394 31 22 253
93 74 119 18
88 10 169 150
751 51 18 214
143 409 113 357
69 239 34 110
66 118 23 175
123 27 61 140
76 369 194 35
77 70 104 67
171 545 411 38
81 205 206 13
90 109 146 208
53 14 61 35
178 49 28 150
302 114 17 167
15 359 109 337
152 29 415 15
152 204 180 8
8 266 85 257
200 169 190 41
422 29 63 32
38 75 32 6
282 38 151 86
293 62 143 32
46 159 72 4
49 125 43 70
56 73 228 68
44 284 102 65
9 91 104 461
43 104 100 99
21 16 115 186
133 132 611 35
95 234 68 84
59 275 56 138
13 58 33 273
99 138 78 230
27 266 59 43
179 100 89 23
38 75 240 85
74 45 111 48
44 36 149 147
47 15 129 27
225 41 77 10
218 53 72 78
56 162 68 120
83 430 20 51
197 28 92 21
161 302 79 116
126 467 49 131
93 13 19 36
47 34 9 30
133 91 25 140
92 98 33 43
133 27 95 11
259 46 91 389
32 110 189 6
124 305 74 149
1307 346 31 81
125 9 37 16
287 186 123 39
22 43 115 409
1036 35 128 92
34 445 55 34
139 9 37 31
280 25 7 147
94 56 54 69
44 564 629 149
108 91 46 153
24 95 229 358
307 29 660 78
25 100 37 339
214 100 86 55
20 108 115 300
81 284 41 10
149 18 93 18
18 75 59 26
442 348 172 50
140 750 170 13
167 111 98 214
99 88 114 114
30 446 56 41
69 88 96 253
160 317 28 59
39 65 62 90
34 26 113 74
94 59 91 64
525 36 82 81
66 41 178 82
87 93 31 133
545 47 74 37
62 50 211 445
29 86 16 51
472 45 96 80
74 111 67 24
8 78 72 90
58 109 11 64
17 84 93 42
77 87 212 16
152 280 12 261
655 38 130 62
113 201 146 52
111 114 31 95
90 265 46 9
192 68 193 78
53 719 206 4
95 205 44 142
219 86 191 54
13 152 35 26
237 47 30 65
91 128 55 320
48 18 77 10
93 179 103 13
398 8 49 223
109 125 44 315
118 6 145 57
200 450 3 85
46 24 201 96
41 33 56 217
214 152 63 72
157 70 206 67
76 32 30 320
49 19 55 30
40 44 33 42
146 125 23 506
362 151 259 90
208 115 318 243
234 30 35 347
84 28 79 180
109 260 642 31
174 118 128 129
46 69 151 31
172 98 59 104
234 32 70 227
73 222 28 64
423 343 124 61
181 36 105 340
21 51 110 101
185 459 70 126
236 133 123 25
144 215 39 19
21 141 114 316
740 323 311 24
158 102 220 52
522 27 185 22
150 200 22 35
51 45 123 74
135 99 136 56
156 94 335 426
33 97 699 33
211 85 413 37
35 69 212 102
167 7 58 132
54 221 231 331
1047 49 408 72
419 121 7 642
135 19 341 49
108 133 89 103
263 241 23 127
80 59 51 46
400 133 93 3
283 34 66 59
59 352 49 152
225 25 230 157
44 96 39 653
35 13 52 120
92 12 56 66
104 99 183 82
15 254 145 80
278 192 122 161
152 623 92 391
1592 39 302 162
115 195 92 492
107 62 613 159
70 19 83 100
39 231 76 3
44 485 95 267
320 154 41 65
310 74 29 45
515 225 86 28
137 177 121 13
52 26 52 127
50 95 145 28
131 128 96 54
123 244 53 60
208 37 161 202
262 65 557 42
89 273 49 184
105 97 39 125
399 27 36 39
87 119 251 26
19 311 277 112
33 272 180 142
47 62 50 33
484 37 212 49
55 282 51 68
106 58 16 4
53 29 32 90
491 143 73 16
81 52 402 154
292 330 219 227
40 337 79 46
10 144 56 19
118 41 56 72
165 89 148 351
87 571 44 130
167 202 124 41
151 20 61 17
50 324 21 209
229 96 320 202
85 37 101 56
82 48 257 132
44 629 107 94
236 463 59 179
124 35 97 57
204 39 40 175
97 549 32 48
85 93 98 109
329 38 180 131
174 100 29 180
69 504 219 113
231 639 153 18
97 124 257 52
26 42 41 111
157 14 676 86
42 111 73 36
729 208 252 248
47 394 171 87
139 18 166 49
106 114 102 37
60 80 45 27
34 41 448 29
76 24 220 87
190 93 60 121
113 78 77 56
83 76 63 382
171 81 68 172
28 340 178 95
55 10 261 50
86 221 63 72
31 214 191 148
320 421 259 2
14 20 95 252
51 116 26 219
29 339 885 294
227 247 12 403
54 130 161 77
32 15 176 111
173 54 95 222
335 369 82 69
16 65 78 24
92 39 83 170
35 75 211 66
23 117 122 14
149 39 78 209
152 63 609 71
53 53 68 150
42 40 157 87
85 218 44 160
244 73 46 37
144 354 68 95
45 49 378 110
165 57 141 443
34 63 150 251
193 187 185 109
152 131 18 148
50 62 131 14
38 61 36 23
20 141 456 164
157 73 41 51
23 155 63 79
47 27 238 110
126 26 49 23
364 253 114 28
61 351 379 100
84 232 43 32
187 58 264 61
133 68 28 152
95 42 15 23
37 12 91 156
220 26 47 247
99 164 106 109
591 235 132 39
160 167 35 204
25 258 205 238
138 43 39 149
139 289 157 18
84 44 102 62
442 64 105 42
66 283 649 104
32 489 40 81
74 62 163 125
17 30 22 27
159 170 103 26
456 149 60 43
539 208 236 242
175 52 73 262
43 75 33 405
20 75 22 214
151 21 192 12
72 80 341 206
75 195 86 18
103 267 184 91
66 210 155 220
131 172 41 1891
5 77 125 71
24 49 164 38
143 241 719 30
71 14 267 57
174 374 28 168
258 132 18 177
245 249 20 32
33 67 188 67
16 100 23 12
45 23 37 177
43 202 125 373
79 370 264 16
570 372 163 95
148 21 58 76
123 371 191 35
99 121 542 65
69 58 176 53
105 59 72 13
78 286 133 18
48 32 552 175
53 150 268 33
284 60 8 63
72 29 339 38
135 223 47 280
400 396 173 83
20 84 105 44
156 152 79 48
315 30 21 19
178 1416 140 15
37 203 36 22
114 22 22 48
6 117 316 84
167 245 382 48
17 123 48 111
84 197 8 230
149 224 407 21
100 443 506 66
271 81 68 713
263 137 46 37
301 25 83 111
27 340 456 33
144 256 35 46
51 69 136 74
64 30 931 84
209 197 48 70
38 524 69 465
75 247 116 20
67 227 112 38
16 67 116 29
84 165 6 81
34 110 202 70
1155 47 224 24
46 251 16 2
295 73 48 113
521 270 36 79
177 51 8 136
199 591 20 3
117 341 73 16
69 55 53 20
45 49 110 169
457 457 46 146
902 34 38 127
108 12 100 16
21 145 291 46
214 62 147 66
116 106 54 178
156 152 31 66
152 25 184 29
104 365 172 267
22 17 95 17
191 34 127 90
232 160 163 41
531 28 16 89
1359 102 210 92
164 74 357 33
148 218 78 61
44 45 131 11
45 19 316 20
34 76 292 187
26 465 176 227
288 141 847 105
215 101 164 71
137 1287 161 198
36 129 77 45
138 208 106 578
16 157 14 10
76 56 211 101
89 63 42 138
768 106 27 297
295 43 40 6
108 91 40 109
44 37 24 143
299 109 49 143
33 40 160 4
80 53 191 55
68 23 139 26
26 175 54 31
57 613 750 281
114 46 52 123
27 680 295 2
82 47 139 72
69 175 267 141
10 132 28 152
79 45 154 83
726 101 37 341
63 91 15 213
26 214 22 12
69 14 431 163
40 742 28 156
68 217 173 131
82 151 118 304
287 66 15 47
124 299 11 653
26 142 151 160
284 65 87 9
158 55 86 193
60 55 80 39
236 228 291 29
80 53 147 77
310 357 44 127
164 67 431 18
107 19 21 109
480 197 99 57
72 180 108 132
120 14 98 703
58 28 282 313
324 73 88 73
152 189 22 104
256 54 30 28
7 57 47 360
28 52 157 187
51 28 349 38
74 76 255 138
120 122 616 36
192 21 168 22
16 92 408 66
133 260 168 19
166 453 108 77
564 235 129 81
169 156 91 61
76 23 583 484
54 502 50 35
20 337 293 278
145 154 57 115
158 133 657 10
23 31 395 48
31 51 135 67
271 43 137 102
200 107 80 35
86 207 163 202
216 147 83 273
102 40 119 198
209 372 22 59
18 731 182 11
196 15 436 26
13 582 276 41
96 98 60 120
46 45 46 34
746 43 61 34
71 121 134 70
46 16 41 105
130 130 107 83
171 121 11 118
19 117 59 78
148 224 82 18
19 172 41 5
242 151 64 69
58 392 54 24
87 70 48 55
39 329 43 315
33 89 509 1268
75 176 72 44
42 100 366 22
326 90 80 87
161 24 34 59
111 35 212 17
118 310 88 116
70 27 235 87
